2805
2805
2805
2805
2805
2805
2870
2870
2870
2870
2870
2922
2922
2922
2922
2922
2991
2991
2991
2991
2991
2991
3010
3010
3010
3010
3010
3050
3050
3050
3050
3050
3076
3076
3076
3076
3076
3076
3104
3104
3104
3104
3104
3124
3124
3124
3124
3124
3152
3152
3152
3152
3152
3152
3172
3172
3172
3172
3172
3190
3190
3190
3190
3190
3181
3181
3181
3181
3181
3181
3166
3166
3166
3166
3166
3152
3152
3152
3152
3152
3161
3161
3161
3161
3161
3161
3167
3167
3167
3167
3167
3210
3210
3210
3210
3210
3283
3283
3283
3283
3283
3283
3361
3361
3361
3361
3361
3435
3435
3435
3435
3435
3473
3473
3473
3473
3473
3473
3500
3500
3500
3500
3500
3507
3507
3507
3507
3507
3491
3491
3491
3491
3491
3491
3451
3451
3451
3451
3451
3392
3392
3392
3392
3392
3344
3344
3344
3344
3344
3344
3293
3293
3293
3293
3293
3269
3269
3269
3269
3269
3223
3223
3223
3223
3223
3223
3207
3207
3207
3207
3207
3207
3207
3207
3207
3207
3206
3206
3206
3206
3206
3206
3217
3217
3217
3217
3217
3206
3206
3206
3206
3206
3195
3195
3195
3195
3195
3195
3201
3201
3201
3201
3201
3204
3204
3204
3204
3204
3205
3205
3205
3205
3205
3205
3221
3221
3221
3221
3221
3228
3228
3228
3228
3228
3236
3236
3236
3236
3236
3236
3243
3243
3243
3243
3243
3229
3229
3229
3229
3229
3230
3230
3230
3230
3230
3230
3230
3230
3230
3230
3230
3241
3241
3241
3241
3241
3244
3244
3244
3244
3244
3244
3259
3259
3259
3259
3259
3265
3265
3265
3265
3265
3273
3273
3273
3273
3273
3273
3274
3274
3274
3274
3274
3273
3273
3273
3273
3273
3279
3279
3279
3279
3279
3279
3258
3258
3258
3258
3258
3253
3253
3253
3253
3253
3215
3215
3215
3215
3215
3215
3201
3201
3201
3201
3201
3173
3173
3173
3173
3173
3149
3149
3149
3149
3149
3149
3137
3137
3137
3137
3137
3129
3129
3129
3129
3129
3155
3155
3155
3155
3155
3155
3156
3156
3156
3156
3156
3201
3201
3201
3201
3201
3235
3235
3235
3235
3235
3235
3263
3263
3263
3263
3263
3250
3250
3250
3250
3250
3256
3256
3256
3256
3256
3256
3223
3223
3223
3223
3223
3195
3195
3195
3195
3195
3162
3162
3162
3162
3162
3162
3112
3112
3112
3112
3112
3081
3081
3081
3081
3081
3047
3047
3047
3047
3047
3047
3031
3031
3031
3031
3031
2984
2984
2984
2984
2984
2953
2953
2953
2953
2953
2953
2935
2935
2935
2935
2935
2918
2918
2918
2918
2918
2923
2923
2923
2923
2923
2923
2912
2912
2912
2912
2912
2923
2923
2923
2923
2923
2913
2913
2913
2913
2913
2913
2910
2910
2910
2910
2910
2887
2887
2887
2887
2887
2879
2879
2879
2879
2879
2879
2876
2876
2876
2876
2876
2867
2867
2867
2867
2867
2844
2844
2844
2844
2844
2844
2840
2840
2840
2840
2840
2843
2843
2843
2843
2843
2821
2821
2821
2821
2821
2821
2808
2808
2808
2808
2808
2778
2778
2778
2778
2778
2786
2786
2786
2786
2786
2786
2762
2762
2762
2762
2762
2746
2746
2746
2746
2746
2754
2754
2754
2754
2754
2754
2762
2762
2762
2762
2762
2762
2762
2762
2762
2762
2743
2743
2743
2743
2743
2743
2749
2749
2749
2749
2749
2708
2708
2708
2708
2708
2711
2711
2711
2711
2711
2711
2662
2662
2662
2662
2662
2649
2649
2649
2649
2649
2634
2634
2634
2634
2634
2634
2623
2623
2623
2623
2623
2641
2641
2641
2641
2641
2632
2632
2632
2632
2632
2632
2642
2642
2642
2642
2642
2641
2641
2641
2641
2641
2626
2626
2626
2626
2626
2626
2606
2606
2606
2606
2606
2554
2554
2554
2554
2554
2539
2539
2539
2539
2539
2539
2527
2527
2527
2527
2527
2511
2511
2511
2511
2511
2513
2513
2513
2513
2513
2513
2525
2525
2525
2525
2525
2539
2539
2539
2539
2539
2539
2539
2539
2539
2539
2539
2516
2516
2516
2516
2516
2525
2525
2525
2525
2525
2474
2474
2474
2474
2474
2474
2461
2461
2461
2461
2461
2425
2425
2425
2425
2425
2407
2407
2407
2407
2407
2407
2409
2409
2409
2409
2409
2413
2413
2413
2413
2413
2444
2444
2444
2444
2444
2444
2467
2467
2467
2467
2467
2511
2511
2511
2511
2511
2557
2557
2557
2557
2557
2557
2591
2591
2591
2591
2591
2623
2623
2623
2623
2623
2659
2659
2659
2659
2659
2659
2705
2705
2705
2705
2705
2701
2701
2701
2701
2701
2716
2716
2716
2716
2716
2716
2720
2720
2720
2720
2720
2716
2716
2716
2716
2716
2698
2698
2698
2698
2698
2698
2690
2690
2690
2690
2690
2658
2658
2658
2658
2658
2659
2659
2659
2659
2659
2659
2674
2674
2674
2674
2674
2672
2672
2672
2672
2672
2714
2714
2714
2714
2714
2714
2716
2716
2716
2716
2716
2743
2743
2743
2743
2743
2733
2733
2733
2733
2733
2733
2736
2736
2736
2736
2736
2732
2732
2732
2732
2732
2742
2742
2742
2742
2742
2742
2724
2724
2724
2724
2724
2724
2724
2724
2724
2724
2719
2719
2719
2719
2719
2719
2727
2727
2727
2727
2727
2721
2721
2721
2721
2721
2703
2703
2703
2703
2703
2703
2695
2695
2695
2695
2695
2681
2681
2681
2681
2681
2665
2665
2665
2665
2665
2665
2640
2640
2640
2640
2640
2633
2633
2633
2633
2633
2637
2637
2637
2637
2637
2637
2631
2631
2631
2631
2631
2630
2630
2630
2630
2630
2635
2635
2635
2635
2635
2635
2655
2655
2655
2655
2655
2660
2660
2660
2660
2660
2669
2669
2669
2669
2669
2669
2677
2677
2677
2677
2677
2698
2698
2698
2698
2698
2716
2716
2716
2716
2716
2716
2713
2713
2713
2713
2713
2743
2743
2743
2743
2743
2735
2735
2735
2735
2735
2735
2759
2759
2759
2759
2759
2765
2765
2765
2765
2765
2773
2773
2773
2773
2773
2773
2777
2777
2777
2777
2777
2759
2759
2759
2759
2759
2762
2762
2762
2762
2762
2762
2744
2744
2744
2744
2744
2740
2740
2740
2740
2740
2755
2755
2755
2755
2755
2755
2771
2771
2771
2771
2771
2766
2766
2766
2766
2766
2774
2774
2774
2774
2774
2774
2797
2797
2797
2797
2797
2797
2797
2797
2797
2797
2777
2777
2777
2777
2777
2777
2782
2782
2782
2782
2782
2773
2773
2773
2773
2773
2767
2767
2767
2767
2767
2767
2743
2743
2743
2743
2743
2744
2744
2744
2744
2744
2763
2763
2763
2763
2763
2763
2755
2755
2755
2755
2755
2780
2780
2780
2780
2780
2787
2787
2787
2787
2787
2787
2835
2835
2835
2835
2835
2836
2836
2836
2836
2836
2864
2864
2864
2864
2864
2864
2884
2884
2884
2884
2884
2867
2867
2867
2867
2867
2876
2876
2876
2876
2876
2876
2851
2851
2851
2851
2851
2836
2836
2836
2836
2836
2797
2797
2797
2797
2797
2797
2815
2815
2815
2815
2815
2804
2804
2804
2804
2804
2802
2802
2802
2802
2802
2802
2793
2793
2793
2793
2793
2804
2804
2804
2804
2804
2819
2819
2819
2819
2819
2819
2821
2821
2821
2821
2821
2826
2826
2826
2826
2826
2803
2803
2803
2803
2803
2803
2800
2800
2800
2800
2800
2782
2782
2782
2782
2782
2793
2793
2793
2793
2793
2793
2799
2799
2799
2799
2799
2798
2798
2798
2798
2798
2816
2816
2816
2816
2816
2816
2819
2819
2819
2819
2819
2830
2830
2830
2830
2830
2833
2833
2833
2833
2833
2833
2833
2833
2833
2833
2833
2836
2836
2836
2836
2836
2823
2823
2823
2823
2823
2823
2823
2823
2823
2823
2823
2838
2838
2838
2838
2838
2842
2842
2842
2842
2842
2842
2845
2845
2845
2845
2845
2856
2856
2856
2856
2856
2868
2868
2868
2868
2868
2868
2876
2876
2876
2876
2876
2858
2858
2858
2858
2858
2872
2872
2872
2872
2872
2872
2864
2864
2864
2864
2864
2890
2890
2890
2890
2890
2880
2880
2880
2880
2880
2880
2884
2884
2884
2884
2884
2911
2911
2911
2911
2911
2907
2907
2907
2907
2907
2907
2915
2915
2915
2915
2915
2891
2891
2891
2891
2891
2924
2924
2924
2924
2924
2924
2905
2905
2905
2905
2905
2918
2918
2918
2918
2918
2910
2910
2910
2910
2910
2910
2940
2940
2940
2940
2940
2935
2935
2935
2935
2935
2959
2959
2959
2959
2959
2959
2946
2946
2946
2946
2946
2973
2973
2973
2973
2973
2970
2970
2970
2970
2970
2970
2970
2970
2970
2970
2970
2954
2954
2954
2954
2954
2954
2954
2954
2954
2954
2954
2966
2966
2966
2966
2966
2968
2968
2968
2968
2968
2965
2965
2965
2965
2965
2965
2989
2989
2989
2989
2989
2988
2988
2988
2988
2988
2990
2990
2990
2990
2990
2990
2979
2979
2979
2979
2979
2992
2992
2992
2992
2992
2966
2966
2966
2966
2966
2966
2990
2990
2990
2990
2990
2947
2947
2947
2947
2947
2969
2969
2969
2969
2969
2969
2965
2965
2965
2965
2965
2984
2984
2984
2984
2984
2974
2974
2974
2974
2974
2974
2989
2989
2989
2989
2989
2986
2986
2986
2986
2986
2999
2999
2999
2999
2999
2999
3009
3009
3009
3009
3009
3013
3013
3013
3013
3013
2992
2992
2992
2992
2992
2992
3010
3010
3010
3010
3010
2995
2995
2995
2995
2995
2991
2991
2991
2991
2991
2991
2972
2972
2972
2972
2972
2979
2979
2979
2979
2979
2977
2977
2977
2977
2977
2977
2968
2968
2968
2968
2968
2971
2971
2971
2971
2971
2974
2974
2974
2974
2974
2974
2967
2967
2967
2967
2967
2965
2965
2965
2965
2965
2951
2951
2951
2951
2951
2951
2939
2939
2939
2939
2939
2941
2941
2941
2941
2941
2935
2935
2935
2935
2935
2935
2928
2928
2928
2928
2928
2928
2928
2928
2928
2928
2954
2954
2954
2954
2954
2954
2937
2937
2937
2937
2937
2950
2950
2950
2950
2950
2938
2938
2938
2938
2938
2938
2948
2948
2948
2948
2948
2927
2927
2927
2927
2927
2912
2912
2912
2912
2912
2912
2905
2905
2905
2905
2905
2889
2889
2889
2889
2889
2888
2888
2888
2888
2888
2888
2875
2875
2875
2875
2875
2892
2892
2892
2892
2892
2890
2890
2890
2890
2890
2890
2898
2898
2898
2898
2898
2898
2898
2898
2898
2898
2875
2875
2875
2875
2875
2875
2896
2896
2896
2896
2896
2880
2880
2880
2880
2880
2886
2886
2886
2886
2886
2886
2875
2875
2875
2875
2875
2885
2885
2885
2885
2885
2883
2883
2883
2883
2883
2883
2900
2900
2900
2900
2900
2892
2892
2892
2892
2892
2879
2879
2879
2879
2879
2879
2871
2871
2871
2871
2871
2883
2883
2883
2883
2883
2844
2844
2844
2844
2844
2844
2837
2837
2837
2837
2837
2850
2850
2850
2850
2850
2829
2829
2829
2829
2829
2829
2829
2829
2829
2829
2829
2823
2823
2823
2823
2823
2821
2821
2821
2821
2821
2821
2816
2816
2816
2816
2816
2815
2815
2815
2815
2815
2807
2807
2807
2807
2807
2807
2791
2791
2791
2791
2791
2802
2802
2802
2802
2802
2788
2788
2788
2788
2788
2788
2776
2776
2776
2776
2776
2757
2757
2757
2757
2757
2757
2757
2757
2757
2757
2757
2760
2760
2760
2760
2760
2767
2767
2767
2767
2767
2767
2767
2767
2767
2767
2767
2757
2757
2757
2757
2757
2768
2768
2768
2768
2768
2756
2756
2756
2756
2756
2756
2758
2758
2758
2758
2758
2743
2743
2743
2743
2743
2757
2757
2757
2757
2757
2757
2736
2736
2736
2736
2736
2752
2752
2752
2752
2752
2752
2752
2752
2752
2752
2752
2761
2761
2761
2761
2761
2766
2766
2766
2766
2766
2772
2772
2772
2772
2772
2772
2776
2776
2776
2776
2776
2768
2768
2768
2768
2768
2776
2776
2776
2776
2776
2776
2757
2757
2757
2757
2757
2771
2771
2771
2771
2771
2770
2770
2770
2770
2770
2770
2796
2796
2796
2796
2796
2796
2796
2796
2796
2796
2792
2792
2792
2792
2792
2792
2793
2793
2793
2793
2793
2794
2794
2794
2794
2794
2796
2796
2796
2796
2796
2796
2762
2762
2762
2762
2762
2777
2777
2777
2777
2777
2763
2763
2763
2763
2763
2763
2763
2763
2763
2763
2763
2746
2746
2746
2746
2746
2748
2748
2748
2748
2748
2748
2749
2749
2749
2749
2749
2771
2771
2771
2771
2771
2756
2756
2756
2756
2756
2756
2753
2753
2753
2753
2753
2751
2751
2751
2751
2751
2764
2764
2764
2764
2764
2764
2773
2773
2773
2773
2773
2761
2761
2761
2761
2761
2756
2756
2756
2756
2756
2756
2779
2779
2779
2779
2779
2764
2764
2764
2764
2764
2768
2768
2768
2768
2768
2768
2752
2752
2752
2752
2752
2765
2765
2765
2765
2765
2750
2750
2750
2750
2750
2750
2743
2743
2743
2743
2743
2739
2739
2739
2739
2739
2745
2745
2745
2745
2745
2745
2746
2746
2746
2746
2746
2745
2745
2745
2745
2745
2749
2749
2749
2749
2749
2749
2755
2755
2755
2755
2755
2757
2757
2757
2757
2757
2768
2768
2768
2768
2768
2768
2769
2769
2769
2769
2769
2760
2760
2760
2760
2760
2788
2788
2788
2788
2788
2788
2783
2783
2783
2783
2783
2790
2790
2790
2790
2790
2785
2785
2785
2785
2785
2785
2783
2783
2783
2783
2783
2785
2785
2785
2785
2785
2788
2788
2788
2788
2788
2788
2783
2783
2783
2783
2783
2786
2786
2786
2786
2786
2791
2791
2791
2791
2791
2791
2780
2780
2780
2780
2780
2777
2777
2777
2777
2777
2779
2779
2779
2779
2779
2779
2766
2766
2766
2766
2766
2769
2769
2769
2769
2769
2761
2761
2761
2761
2761
2761
2769
2769
2769
2769
2769
2762
2762
2762
2762
2762
2762
2762
2762
2762
2762
2762
2748
2748
2748
2748
2748
2767
2767
2767
2767
2767
2754
2754
2754
2754
2754
2754
2774
2774
2774
2774
2774
2754
2754
2754
2754
2754
2769
2769
2769
2769
2769
2769
2767
2767
2767
2767
2767
2772
2772
2772
2772
2772
2770
2770
2770
2770
2770
2770
2761
2761
2761
2761
2761
2755
2755
2755
2755
2755
2739
2739
2739
2739
2739
2739
2761
2761
2761
2761
2761
2727
2727
2727
2727
2727
2764
2764
2764
2764
2764
2764
2760
2760
2760
2760
2760
2769
2769
2769
2769
2769
2766
2766
2766
2766
2766
2766
2782
2782
2782
2782
2782
2775
2775
2775
2775
2775
2762
2762
2762
2762
2762
2762
2796
2796
2796
2796
2796
2754
2754
2754
2754
2754
2778
2778
2778
2778
2778
2778
2766
2766
2766
2766
2766
2776
2776
2776
2776
2776
2774
2774
2774
2774
2774
2774
2780
2780
2780
2780
2780
2783
2783
2783
2783
2783
2772
2772
2772
2772
2772
2772
2786
2786
2786
2786
2786
2759
2759
2759
2759
2759
2780
2780
2780
2780
2780
2780
2780
2780
2780
2780
2780
2787
2787
2787
2787
2787
2759
2759
2759
2759
2759
2759
2768
2768
2768
2768
2768
2757
2757
2757
2757
2757
2759
2759
2759
2759
2759
2759
2755
2755
2755
2755
2755
2748
2748
2748
2748
2748
2753
2753
2753
2753
2753
2753
2761
2761
2761
2761
2761
2767
2767
2767
2767
2767
2757
2757
2757
2757
2757
2757
2764
2764
2764
2764
2764
2757
2757
2757
2757
2757
2768
2768
2768
2768
2768
2768
2735
2735
2735
2735
2735
2752
2752
2752
2752
2752
2756
2756
2756
2756
2756
2756
2747
2747
2747
2747
2747
2758
2758
2758
2758
2758
2745
2745
2745
2745
2745
2745
2759
2759
2759
2759
2759
2756
2756
2756
2756
2756
2771
2771
2771
2771
2771
2771
2763
2763
2763
2763
2763
2783
2783
2783
2783
2783
2777
2777
2777
2777
2777
2777
2767
2767
2767
2767
2767
2770
2770
2770
2770
2770
2760
2760
2760
2760
2760
2760
2777
2777
2777
2777
2777
2775
2775
2775
2775
2775
2782
2782
2782
2782
2782
2782
2769
2769
2769
2769
2769
2783
2783
2783
2783
2783
2785
2785
2785
2785
2785
2785
2792
2792
2792
2792
2792
2794
2794
2794
2794
2794
2783
2783
2783
2783
2783
2783
2795
2795
2795
2795
2795
2785
2785
2785
2785
2785
2792
2792
2792
2792
2792
2792
2795
2795
2795
2795
2795
2803
2803
2803
2803
2803
2792
2792
2792
2792
2792
2792
2793
2793
2793
2793
2793
2794
2794
2794
2794
2794
2798
2798
2798
2798
2798
2798
2797
2797
2797
2797
2797
2784
2784
2784
2784
2784
2796
2796
2796
2796
2796
2796
2801
2801
2801
2801
2801
2814
2814
2814
2814
2814
2802
2802
2802
2802
2802
2802
2803
2803
2803
2803
2803
2791
2791
2791
2791
2791
2818
2818
2818
2818
2818
2818
2815
2815
2815
2815
2815
2816
2816
2816
2816
2816
2823
2823
2823
2823
2823
2823
2811
2811
2811
2811
2811
2828
2828
2828
2828
2828
2823
2823
2823
2823
2823
2823
2821
2821
2821
2821
2821
2827
2827
2827
2827
2827
2845
2845
2845
2845
2845
2845
2844
2844
2844
2844
2844
2838
2838
2838
2838
2838
2853
2853
2853
2853
2853
2853
2849
2849
2849
2849
2849
2841
2841
2841
2841
2841
2834
2834
2834
2834
2834
2834
2832
2832
2832
2832
2832
2837
2837
2837
2837
2837
2845
2845
2845
2845
2845
2845
2841
2841
2841
2841
2841
2849
2849
2849
2849
2849
2842
2842
2842
2842
2842
2842
2859
2859
2859
2859
2859
2846
2846
2846
2846
2846
2853
2853
2853
2853
2853
2853
2846
2846
2846
2846
2846
2839
2839
2839
2839
2839
2846
2846
2846
2846
2846
2846
2832
2832
2832
2832
2832
2858
2858
2858
2858
2858
2835
2835
2835
2835
2835
2835
2822
2822
2822
2822
2822
2838
2838
2838
2838
2838
2830
2830
2830
2830
2830
2830
2833
2833
2833
2833
2833
2827
2827
2827
2827
2827
2832
2832
2832
2832
2832
2832
2853
2853
2853
2853
2853
2862
2862
2862
2862
2862
2864
2864
2864
2864
2864
2864
2867
2867
2867
2867
2867
2877
2877
2877
2877
2877
2884
2884
2884
2884
2884
2884
2902
2902
2902
2902
2902
2896
2896
2896
2896
2896
2906
2906
2906
2906
2906
2906
2909
2909
2909
2909
2909
2930
2930
2930
2930
2930
2905
2905
2905
2905
2905
2905
2907
2907
2907
2907
2907
2890
2890
2890
2890
2890
2898
2898
2898
2898
2898
2898
2893
2893
2893
2893
2893
2896
2896
2896
2896
2896
2902
2902
2902
2902
2902
2902
2901
2901
2901
2901
2901
2912
2912
2912
2912
2912
2911
2911
2911
2911
2911
2911
2914
2914
2914
2914
2914
2914
2914
2914
2914
2914
2927
2927
2927
2927
2927
2927
2911
2911
2911
2911
2911
2926
2926
2926
2926
2926
2944
2944
2944
2944
2944
2944
2950
2950
2950
2950
2950
2967
2967
2967
2967
2967
2957
2957
2957
2957
2957
2957
2959
2959
2959
2959
2959
2961
2961
2961
2961
2961
2976
2976
2976
2976
2976
2976
2977
2977
2977
2977
2977
2995
2995
2995
2995
2995
2992
2992
2992
2992
2992
2992
3000
3000
3000
3000
3000
3007
3007
3007
3007
3007
3019
3019
3019
3019
3019
3019
3031
3031
3031
3031
3031
3038
3038
3038
3038
3038
3051
3051
3051
3051
3051
3051
3061
3061
3061
3061
3061
3059
3059
3059
3059
3059
3066
3066
3066
3066
3066
3066
3058
3058
3058
3058
3058
3052
3052
3052
3052
3052
3039
3039
3039
3039
3039
3039
3019
3019
3019
3019
3019
3031
3031
3031
3031
3031
3018
3018
3018
3018
3018
3018
3004
3004
3004
3004
3004
3017
3017
3017
3017
3017
3001
3001
3001
3001
3001
3001
2999
2999
2999
2999
2999
2987
2987
2987
2987
2987
2973
2973
2973
2973
2973
2973
2971
2971
2971
2971
2971
2982
2982
2982
2982
2982
2974
2974
2974
2974
2974
2974
2956
2956
2956
2956
2956
2970
2970
2970
2970
2970
2971
2971
2971
2971
2971
2971
2981
2981
2981
2981
2981
2988
2988
2988
2988
2988
2982
2982
2982
2982
2982
2982
2985
2985
2985
2985
2985
2997
2997
2997
2997
2997
2991
2991
2991
2991
2991
2991
3001
3001
3001
3001
3001
2988
2988
2988
2988
2988
2985
2985
2985
2985
2985
2985
2986
2986
2986
2986
2986
2979
2979
2979
2979
2979
2995
2995
2995
2995
2995
2995
2997
2997
2997
2997
2997
2995
2995
2995
2995
2995
3010
3010
3010
3010
3010
3010
3005
3005
3005
3005
3005
2995
2995
2995
2995
2995
2990
2990
2990
2990
2990
2990
2987
2987
2987
2987
2987
2974
2974
2974
2974
2974
2985
2985
2985
2985
2985
2985
2961
2961
2961
2961
2961
2963
2963
2963
2963
2963
2945
2945
2945
2945
2945
2945
2937
2937
2937
2937
2937
2951
2951
2951
2951
2951
2935
2935
2935
2935
2935
2935
2921
2921
2921
2921
2921
2933
2933
2933
2933
2933
2933
2933
2933
2933
2933
2933
2921
2921
2921
2921
2921
2922
2922
2922
2922
2922
2906
2906
2906
2906
2906
2906
2918
2918
2918
2918
2918
2908
2908
2908
2908
2908
2899
2899
2899
2899
2899
2899
2892
2892
2892
2892
2892
2901
2901
2901
2901
2901
2893
2893
2893
2893
2893
2893
2875
2875
2875
2875
2875
2887
2887
2887
2887
2887
2863
2863
2863
2863
2863
2863
2865
2865
2865
2865
2865
2860
2860
2860
2860
2860
2834
2834
2834
2834
2834
2834
2828
2828
2828
2828
2828
2808
2808
2808
2808
2808
2795
2795
2795
2795
2795
2795
2787
2787
2787
2787
2787
2780
2780
2780
2780
2780
2769
2769
2769
2769
2769
2769
2765
2765
2765
2765
2765
2750
2750
2750
2750
2750
2766
2766
2766
2766
2766
2766
2764
2764
2764
2764
2764
2759
2759
2759
2759
2759
2753
2753
2753
2753
2753
2753
2757
2757
2757
2757
2757
2747
2747
2747
2747
2747
2739
2739
2739
2739
2739
2739
2740
2740
2740
2740
2740
2733
2733
2733
2733
2733
2747
2747
2747
2747
2747
2747
2730
2730
2730
2730
2730
2734
2734
2734
2734
2734
2740
2740
2740
2740
2740
2740
2747
2747
2747
2747
2747
2744
2744
2744
2744
2744
2737
2737
2737
2737
2737
2737
2733
2733
2733
2733
2733
2751
2751
2751
2751
2751
2738
2738
2738
2738
2738
2738
2738
2738
2738
2738
2738
2748
2748
2748
2748
2748
2733
2733
2733
2733
2733
2733
2730
2730
2730
2730
2730
2714
2714
2714
2714
2714
2714
2714
2714
2714
2714
2714
2692
2692
2692
2692
2692
2703
2703
2703
2703
2703
2690
2690
2690
2690
2690
2690
2674
2674
2674
2674
2674
2684
2684
2684
2684
2684
2678
2678
2678
2678
2678
2678
2683
2683
2683
2683
2683
2697
2697
2697
2697
2697
2690
2690
2690
2690
2690
2690
2704
2704
2704
2704
2704
2717
2717
2717
2717
2717
2732
2732
2732
2732
2732
2732
2731
2731
2731
2731
2731
2748
2748
2748
2748
2748
2752
2752
2752
2752
2752
2752
2793
2793
2793
2793
2793
2797
2797
2797
2797
2797
2821
2821
2821
2821
2821
2821
2833
2833
2833
2833
2833
2858
2858
2858
2858
2858
2857
2857
2857
2857
2857
2857
2880
2880
2880
2880
2880
2870
2870
2870
2870
2870
2872
2872
2872
2872
2872
2872
2863
2863
2863
2863
2863
2851
2851
2851
2851
2851
2858
2858
2858
2858
2858
2858
2854
2854
2854
2854
2854
2849
2849
2849
2849
2849
2839
2839
2839
2839
2839
2839
2843
2843
2843
2843
2843
2828
2828
2828
2828
2828
2825
2825
2825
2825
2825
2825
2826
2826
2826
2826
2826
2814
2814
2814
2814
2814
2813
2813
2813
2813
2813
2813
2784
2784
2784
2784
2784
2772
2772
2772
2772
2772
2758
2758
2758
2758
2758
2758
2752
2752
2752
2752
2752
2724
2724
2724
2724
2724
2726
2726
2726
2726
2726
2726
2701
2701
2701
2701
2701
2704
2704
2704
2704
2704
2697
2697
2697
2697
2697
2697
2700
2700
2700
2700
2700
2705
2705
2705
2705
2705
2720
2720
2720
2720
2720
2720
2722
2722
2722
2722
2722
2746
2746
2746
2746
2746
2744
2744
2744
2744
2744
2744
2762
2762
2762
2762
2762
2763
2763
2763
2763
2763
2784
2784
2784
2784
2784
2784
2783
2783
2783
2783
2783
2785
2785
2785
2785
2785
2774
2774
2774
2774
2774
2774
2755
2755
2755
2755
2755
2724
2724
2724
2724
2724
2717
2717
2717
2717
2717
2717
2676
2676
2676
2676
2676
2652
2652
2652
2652
2652
2633
2633
2633
2633
2633
2633
2606
2606
2606
2606
2606
2609
2609
2609
2609
2609
2585
2585
2585
2585
2585
2585
2596
2596
2596
2596
2596
2584
2584
2584
2584
2584
2587
2587
2587
2587
2587
2587
2600
2600
2600
2600
2600
2604
2604
2604
2604
2604
2598
2598
2598
2598
2598
2598
2618
2618
2618
2618
2618
2625
2625
2625
2625
2625
2611
2611
2611
2611
2611
2611
2611
2611
2611
2611
2611
2595
2595
2595
2595
2595
2618
2618
2618
2618
2618
2618
2612
2612
2612
2612
2612
2620
2620
2620
2620
2620
2619
2619
2619
2619
2619
2619
2641
2641
2641
2641
2641
2638
2638
2638
2638
2638
2650
2650
2650
2650
2650
2650
2654
2654
2654
2654
2654
2658
2658
2658
2658
2658
2679
2679
2679
2679
2679
2679
2656
2656
2656
2656
2656
2679
2679
2679
2679
2679
2677
2677
2677
2677
2677
2677
2701
2701
2701
2701
2701
2693
2693
2693
2693
2693
2692
2692
2692
2692
2692
2692
2682
2682
2682
2682
2682
2714
2714
2714
2714
2714
2699
2699
2699
2699
2699
2699
2695
2695
2695
2695
2695
2708
2708
2708
2708
2708
2721
2721
2721
2721
2721
2721
2726
2726
2726
2726
2726
2747
2747
2747
2747
2747
2754
2754
2754
2754
2754
2754
2759
2759
2759
2759
2759
2763
2763
2763
2763
2763
2764
2764
2764
2764
2764
2764
2746
2746
2746
2746
2746
2752
2752
2752
2752
2752
2748
2748
2748
2748
2748
2748
2751
2751
2751
2751
2751
2737
2737
2737
2737
2737
2722
2722
2722
2722
2722
2722
2743
2743
2743
2743
2743
2749
2749
2749
2749
2749
2725
2725
2725
2725
2725
2725
2736
2736
2736
2736
2736
2721
2721
2721
2721
2721
2734
2734
2734
2734
2734
2734
2738
2738
2738
2738
2738
2736
2736
2736
2736
2736
2732
2732
2732
2732
2732
2732
2759
2759
2759
2759
2759
2756
2756
2756
2756
2756
2745
2745
2745
2745
2745
2745
2773
2773
2773
2773
2773
2772
2772
2772
2772
2772
2772
2772
2772
2772
2772
2772
2775
2775
2775
2775
2775
2782
2782
2782
2782
2782
2795
2795
2795
2795
2795
2795
2798
2798
2798
2798
2798
2818
2818
2818
2818
2818
2824
2824
2824
2824
2824
2824
2868
2868
2868
2868
2868
2871
2871
2871
2871
2871
2896
2896
2896
2896
2896
2896
2922
2922
2922
2922
2922
2918
2918
2918
2918
2918
2949
2949
2949
2949
2949
2949
2945
2945
2945
2945
2945
2965
2965
2965
2965
2965
2974
2974
2974
2974
2974
2974
2987
2987
2987
2987
2987
2996
2996
2996
2996
2996
3011
3011
3011
3011
3011
3011
3000
3000
3000
3000
3000
3015
3015
3015
3015
3015
3014
3014
3014
3014
3014
3014
3027
3027
3027
3027
3027
3012
3012
3012
3012
3012
3036
3036
3036
3036
3036
3036
3032
3032
3032
3032
3032
3038
3038
3038
3038
3038
3031
3031
3031
3031
3031
3031
3035
3035
3035
3035
3035
3048
3048
3048
3048
3048
3047
3047
3047
3047
3047
3047
3030
3030
3030
3030
3030
3042
3042
3042
3042
3042
3049
3049
3049
3049
3049
3049
3056
3056
3056
3056
3056
3051
3051
3051
3051
3051
3069
3069
3069
3069
3069
3069
3076
3076
3076
3076
3076
3092
3092
3092
3092
3092
3101
3101
3101
3101
3101
3101
3126
3126
3126
3126
3126
3153
3153
3153
3153
3153
3150
3150
3150
3150
3150
3150
3161
3161
3161
3161
3161
3152
3152
3152
3152
3152
3171
3171
3171
3171
3171
3171
3167
3167
3167
3167
3167
3178
3178
3178
3178
3178
3170
3170
3170
3170
3170
3170
3190
3190
3190
3190
3190
3190
3190
3190
3190
3190
3200
3200
3200
3200
3200
3200
3213
3213
3213
3213
3213
3208
3208
3208
3208
3208
3234
3234
3234
3234
3234
3234
3227
3227
3227
3227
3227
3233
3233
3233
3233
3233
3249
3249
3249
3249
3249
3249
3271
3271
3271
3271
3271
3266
3266
3266
3266
3266
3273
3273
3273
3273
3273
3273
3281
3281
3281
3281
3281
3287
3287
3287
3287
3287
3298
3298
3298
3298
3298
3298
3287
3287
3287
3287
3287
3286
3286
3286
3286
3286
3287
3287
3287
3287
3287
3287
3285
3285
3285
3285
3285
3279
3279
3279
3279
3279
3273
3273
3273
3273
3273
3273
3267
3267
3267
3267
3267
3259
3259
3259
3259
3259
3256
3256
3256
3256
3256
3256
3252
3252
3252
3252
3252
3261
3261
3261
3261
3261
3254
3254
3254
3254
3254
3254
3239
3239
3239
3239
3239
3230
3230
3230
3230
3230
3217
3217
3217
3217
3217
3217
3220
3220
3220
3220
3220
3208
3208
3208
3208
3208
3193
3193
3193
3193
3193
3193
3180
3180
3180
3180
3180
3177
3177
3177
3177
3177
3160
3160
3160
3160
3160
3160
3147
3147
3147
3147
3147
3139
3139
3139
3139
3139
3126
3126
3126
3126
3126
3126
3122
3122
3122
3122
3122
3112
3112
3112
3112
3112
3097
3097
3097
3097
3097
3097
3101
3101
3101
3101
3101
3084
3084
3084
3084
3084
3074
3074
3074
3074
3074
3074
3049
3049
3049
3049
3049
3030
3030
3030
3030
3030
3032
3032
3032
3032
3032
3032
3024
3024
3024
3024
3024
3020
3020
3020
3020
3020
3016
3016
3016
3016
3016
3016
3011
3011
3011
3011
3011
2996
2996
2996
2996
2996
2984
2984
2984
2984
2984
2984
2964
2964
2964
2964
2964
2939
2939
2939
2939
2939
2944
2944
2944
2944
2944
2944
2925
2925
2925
2925
2925
2922
2922
2922
2922
2922
2913
2913
2913
2913
2913
2913
2909
2909
2909
2909
2909
2885
2885
2885
2885
2885
2898
2898
2898
2898
2898
2898
2871
2871
2871
2871
2871
2869
2869
2869
2869
2869
2859
2859
2859
2859
2859
2859
2831
2831
2831
2831
2831
2818
2818
2818
2818
2818
2805
2805
2805
2805
2805
2805
2799
2799
2799
2799
2799
2774
2774
2774
2774
2774
2770
2770
2770
2770
2770
2770