2813
2813
2813
2830
2830
2830
2830
2830
2820
2820
2820
2820
2820
2820
2807
2807
2807
2807
2807
2808
2808
2808
2808
2808
2812
2812
2812
2812
2812
2812
2809
2809
2809
2809
2809
2832
2832
2832
2832
2832
2841
2841
2841
2841
2841
2841
2815
2815
2815
2815
2815
2828
2828
2828
2828
2828
2821
2821
2821
2821
2821
2821
2838
2838
2838
2838
2838
2847
2847
2847
2847
2847
2865
2865
2865
2865
2865
2865
2847
2847
2847
2847
2847
2867
2867
2867
2867
2867
2841
2841
2841
2841
2841
2841
2893
2893
2893
2893
2893
2909
2909
2909
2909
2909
2894
2894
2894
2894
2894
2894
2904
2904
2904
2904
2904
2913
2913
2913
2913
2913
2906
2906
2906
2906
2906
2906
2893
2893
2893
2893
2893
2907
2907
2907
2907
2907
2866
2866
2866
2866
2866
2866
2868
2868
2868
2868
2868
2876
2876
2876
2876
2876
2892
2892
2892
2892
2892
2892
2856
2856
2856
2856
2856
2879
2879
2879
2879
2879
2866
2866
2866
2866
2866
2866
2881
2881
2881
2881
2881
2882
2882
2882
2882
2882
2890
2890
2890
2890
2890
2890
2880
2880
2880
2880
2880
2855
2855
2855
2855
2855
2896
2896
2896
2896
2896
2896
2881
2881
2881
2881
2881
2893
2893
2893
2893
2893
2860
2860
2860
2860
2860
2860
2893
2893
2893
2893
2893
2868
2868
2868
2868
2868
2874
2874
2874
2874
2874
2874
2851
2851
2851
2851
2851
2833
2833
2833
2833
2833
2847
2847
2847
2847
2847
2847
2848
2848
2848
2848
2848
2797
2797
2797
2797
2797
2791
2791
2791
2791
2791
2791
2781
2781
2781
2781
2781
2766
2766
2766
2766
2766
2772
2772
2772
2772
2772
2772
2789
2789
2789
2789
2789
2789
2789
2789
2789
2789
2796
2796
2796
2796
2796
2796
2815
2815
2815
2815
2815
2888
2888
2888
2888
2888
2873
2873
2873
2873
2873
2873
2921
2921
2921
2921
2921
2954
2954
2954
2954
2954
2927
2927
2927
2927
2927
2927
2936
2936
2936
2936
2936
2935
2935
2935
2935
2935
2926
2926
2926
2926
2926
2926
2889
2889
2889
2889
2889
2861
2861
2861
2861
2861
2816
2816
2816
2816
2816
2816
2784
2784
2784
2784
2784
2736
2736
2736
2736
2736
2677
2677
2677
2677
2677
2677
2659
2659
2659
2659
2659
2616
2616
2616
2616
2616
2602
2602
2602
2602
2602
2602
2629
2629
2629
2629
2629
2625
2625
2625
2625
2625
2647
2647
2647
2647
2647
2647
2663
2663
2663
2663
2663
2677
2677
2677
2677
2677
2706
2706
2706
2706
2706
2706
2765
2765
2765
2765
2765
2794
2794
2794
2794
2794
2795
2795
2795
2795
2795
2795
2847
2847
2847
2847
2847
2824
2824
2824
2824
2824
2814
2814
2814
2814
2814
2814
2780
2780
2780
2780
2780
2798
2798
2798
2798
2798
2809
2809
2809
2809
2809
2809
2834
2834
2834
2834
2834
2811
2811
2811
2811
2811
2792
2792
2792
2792
2792
2792
2816
2816
2816
2816
2816
2809
2809
2809
2809
2809
2817
2817
2817
2817
2817
2817
2804
2804
2804
2804
2804
2804
2804
2804
2804
2804
2856
2856
2856
2856
2856
2856
2831
2831
2831
2831
2831
2822
2822
2822
2822
2822
2830
2830
2830
2830
2830
2830
2823
2823
2823
2823
2823
2768
2768
2768
2768
2768
2745
2745
2745
2745
2745
2745
2683
2683
2683
2683
2683
2620
2620
2620
2620
2620
2603
2603
2603
2603
2603
2603
2565
2565
2565
2565
2565
2578
2578
2578
2578
2578
2553
2553
2553
2553
2553
2553
2575
2575
2575
2575
2575
2557
2557
2557
2557
2557
2629
2629
2629
2629
2629
2629
2600
2600
2600
2600
2600
2602
2602
2602
2602
2602
2674
2674
2674
2674
2674
2674
2691
2691
2691
2691
2691
2710
2710
2710
2710
2710
2746
2746
2746
2746
2746
2746
2805
2805
2805
2805
2805
2824
2824
2824
2824
2824
2792
2792
2792
2792
2792
2792
2819
2819
2819
2819
2819
2810
2810
2810
2810
2810
2839
2839
2839
2839
2839
2839
2798
2798
2798
2798
2798
2751
2751
2751
2751
2751
2743
2743
2743
2743
2743
2743
2690
2690
2690
2690
2690
2687
2687
2687
2687
2687
2649
2649
2649
2649
2649
2649
2615
2615
2615
2615
2615
2634
2634
2634
2634
2634
2683
2683
2683
2683
2683
2683
2637
2637
2637
2637
2637
2751
2751
2751
2751
2751
2726
2726
2726
2726
2726
2726
2752
2752
2752
2752
2752
2746
2746
2746
2746
2746
2770
2770
2770
2770
2770
2770
2774
2774
2774
2774
2774
2754
2754
2754
2754
2754
2732
2732
2732
2732
2732
2732
2782
2782
2782
2782
2782
2710
2710
2710
2710
2710
2716
2716
2716
2716
2716
2716
2766
2766
2766
2766
2766
2752
2752
2752
2752
2752
2777
2777
2777
2777
2777
2777
2760
2760
2760
2760
2760
2823
2823
2823
2823
2823
2867
2867
2867
2867
2867
2867
2855
2855
2855
2855
2855
2894
2894
2894
2894
2894
2861
2861
2861
2861
2861
2861
2909
2909
2909
2909
2909
2898
2898
2898
2898
2898
2915
2915
2915
2915
2915
2915
2869
2869
2869
2869
2869
2832
2832
2832
2832
2832
2852
2852
2852
2852
2852
2852
2764
2764
2764
2764
2764
2749
2749
2749
2749
2749
2749
2749
2749
2749
2749
2749
2668
2668
2668
2668
2668
2672
2672
2672
2672
2672
2662
2662
2662
2662
2662
2662
2686
2686
2686
2686
2686
2674
2674
2674
2674
2674
2712
2712
2712
2712
2712
2712
2692
2692
2692
2692
2692
2768
2768
2768
2768
2768
2725
2725
2725
2725
2725
2725
2724
2724
2724
2724
2724
2765
2765
2765
2765
2765
2748
2748
2748
2748
2748
2748
2784
2784
2784
2784
2784
2794
2794
2794
2794
2794
2767
2767
2767
2767
2767
2767
2810
2810
2810
2810
2810
2705
2705
2705
2705
2705
2748
2748
2748
2748
2748
2748
2758
2758
2758
2758
2758
2682
2682
2682
2682
2682
2702
2702
2702
2702
2702
2702
2714
2714
2714
2714
2714
2704
2704
2704
2704
2704
2706
2706
2706
2706
2706
2706
2743
2743
2743
2743
2743
2750
2750
2750
2750
2750
2775
2775
2775
2775
2775
2775
2811
2811
2811
2811
2811
2754
2754
2754
2754
2754
2771
2771
2771
2771
2771
2771
2740
2740
2740
2740
2740
2715
2715
2715
2715
2715
2705
2705
2705
2705
2705
2705
2769
2769
2769
2769
2769
2724
2724
2724
2724
2724
2675
2675
2675
2675
2675
2675
2699
2699
2699
2699
2699
2700
2700
2700
2700
2700
2698
2698
2698
2698
2698
2698
2743
2743
2743
2743
2743
2748
2748
2748
2748
2748
2786
2786
2786
2786
2786
2786
2878
2878
2878
2878
2878
2838
2838
2838
2838
2838
2927
2927
2927
2927
2927
2927
2948
2948
2948
2948
2948
2961
2961
2961
2961
2961
2929
2929
2929
2929
2929
2929
2918
2918
2918
2918
2918
2898
2898
2898
2898
2898
2895
2895
2895
2895
2895
2895
2850
2850
2850
2850
2850
2833
2833
2833
2833
2833
2855
2855
2855
2855
2855
2855
2814
2814
2814
2814
2814
2793
2793
2793
2793
2793
2711
2711
2711
2711
2711
2711
2801
2801
2801
2801
2801
2744
2744
2744
2744
2744
2766
2766
2766
2766
2766
2766
2752
2752
2752
2752
2752
2678
2678
2678
2678
2678
2674
2674
2674
2674
2674
2674
2659
2659
2659
2659
2659
2669
2669
2669
2669
2669
2573
2573
2573
2573
2573
2573
2585
2585
2585
2585
2585
2560
2560
2560
2560
2560
2498
2498
2498
2498
2498
2498
2488
2488
2488
2488
2488
2409
2409
2409
2409
2409
2495
2495
2495
2495
2495
2495
2430
2430
2430
2430
2430
2435
2435
2435
2435
2435
2450
2450
2450
2450
2450
2450
2418
2418
2418
2418
2418
2467
2467
2467
2467
2467
2541
2541
2541
2541
2541
2541
2556
2556
2556
2556
2556
2646
2646
2646
2646
2646
2681
2681
2681
2681
2681
2681
2755
2755
2755
2755
2755
2896
2896
2896
2896
2896
2935
2935
2935
2935
2935
2935
3006
3006
3006
3006
3006
2939
2939
2939
2939
2939
2984
2984
2984
2984
2984
2984
2855
2855
2855
2855
2855
2759
2759
2759
2759
2759
2573
2573
2573
2573
2573
2573
2405
2405
2405
2405
2405
2198
2198
2198
2198
2198
2075
2075
2075
2075
2075
2075
1871
1871
1871
1871
1871
1757
1757
1757
1757
1757
1655
1655
1655
1655
1655
1655
1626
1626
1626
1626
1626
1594
1594
1594
1594
1594
1673
1673
1673
1673
1673
1673
1644
1644
1644
1644
1644
1762
1762
1762
1762
1762
1788
1788
1788
1788
1788
1788
1971
1971
1971
1971
1971
2079
2079
2079
2079
2079
2284
2284
2284
2284
2284
2284
2451
2451
2451
2451
2451
2596
2596
2596
2596
2596
2748
2748
2748
2748
2748
2748
2815
2815
2815
2815
2815
2887
2887
2887
2887
2887
2896
2896
2896
2896
2896
2896
2814
2814
2814
2814
2814
2698
2698
2698
2698
2698
2548
2548
2548
2548
2548
2548
2437
2437
2437
2437
2437
2332
2332
2332
2332
2332
2311
2311
2311
2311
2311
2311
2380
2380
2380
2380
2380
2463
2463
2463
2463
2463
2595
2595
2595
2595
2595
2595
2753
2753
2753
2753
2753
2921
2921
2921
2921
2921
2988
2988
2988
2988
2988
2988
2979
2979
2979
2979
2979
3011
3011
3011
3011
3011
2945
2945
2945
2945
2945
2945
2925
2925
2925
2925
2925
2938
2938
2938
2938
2938
2876
2876
2876
2876
2876
2876
2967
2967
2967
2967
2967
2964
2964
2964
2964
2964
3108
3108
3108
3108
3108
3108
3169
3169
3169
3169
3169
3164
3164
3164
3164
3164
3154
3154
3154
3154
3154
3154
3165
3165
3165
3165
3165
3123
3123
3123
3123
3123
3079
3079
3079
3079
3079
3079
3033
3033
3033
3033
3033
3024
3024
3024
3024
3024
2990
2990
2990
2990
2990
2990
3003
3003
3003
3003
3003
3017
3017
3017
3017
3017
3013
3013
3013
3013
3013
3013
3050
3050
3050
3050
3050
2988
2988
2988
2988
2988
3065
3065
3065
3065
3065
3065
3043
3043
3043
3043
3043
3000
3000
3000
3000
3000
3023
3023
3023
3023
3023
3023
3046
3046
3046
3046
3046
3126
3126
3126
3126
3126
3202
3202
3202
3202
3202
3202
3259
3259
3259
3259
3259
3309
3309
3309
3309
3309
3349
3349
3349
3349
3349
3349
3457
3457
3457
3457
3457
3497
3497
3497
3497
3497
3516
3516
3516
3516
3516
3516
3577
3577
3577
3577
3577
3562
3562
3562
3562
3562
3505
3505
3505
3505
3505
3505
3481
3481
3481
3481
3481
3422
3422
3422
3422
3422
3412
3412
3412
3412
3412
3412
3404
3404
3404
3404
3404
3484
3484
3484
3484
3484
3516
3516
3516
3516
3516
3516
3673
3673
3673
3673
3673
3818
3818
3818
3818
3818
3859
3859
3859
3859
3859
3859
4028
4028
4028
4028
4028
4058
4058
4058
4058
4058
4095
4095
4095
4095
4095
4095
4000
4000
4000
4000
4000
3987
3987
3987
3987
3987
3854
3854
3854
3854
3854
3854
3700
3700
3700
3700
3700
3596
3596
3596
3596
3596
3513
3513
3513
3513
3513
3513
3378
3378
3378
3378
3378
3397
3397
3397
3397
3397
3352
3352
3352
3352
3352
3352
3377
3377
3377
3377
3377
3416
3416
3416
3416
3416
3438
3438
3438
3438
3438
3438
3409
3409
3409
3409
3409
3456
3456
3456
3456
3456
3476
3476
3476
3476
3476
3476
3446
3446
3446
3446
3446
3440
3440
3440
3440
3440
3502
3502
3502
3502
3502
3502
3442
3442
3442
3442
3442
3490
3490
3490
3490
3490
3462
3462
3462
3462
3462
3462
3485
3485
3485
3485
3485
3512
3512
3512
3512
3512
3452
3452
3452
3452
3452
3452
3529
3529
3529
3529
3529
3500
3500
3500
3500
3500
3460
3460
3460
3460
3460
3460
3479
3479
3479
3479
3479
3439
3439
3439
3439
3439
3488
3488
3488
3488
3488
3488
3446
3446
3446
3446
3446
3469
3469
3469
3469
3469
3444
3444
3444
3444
3444
3444
3382
3382
3382
3382
3382
3369
3369
3369
3369
3369
3373
3373
3373
3373
3373
3373
3311
3311
3311
3311
3311
3343
3343
3343
3343
3343
3311
3311
3311
3311
3311
3311
3323
3323
3323
3323
3323
3307
3307
3307
3307
3307
3332
3332
3332
3332
3332
3332
3362
3362
3362
3362
3362
3299
3299
3299
3299
3299
3410
3410
3410
3410
3410
3410
3350
3350
3350
3350
3350
3332
3332
3332
3332
3332
3289
3289
3289
3289
3289
3289
3268
3268
3268
3268
3268
3206
3206
3206
3206
3206
3168
3168
3168
3168
3168
3168
3178
3178
3178
3178
3178
3159
3159
3159
3159
3159
3154
3154
3154
3154
3154
3154
3142
3142
3142
3142
3142
3165
3165
3165
3165
3165
3153
3153
3153
3153
3153
3153
3168
3168
3168
3168
3168
3170
3170
3170
3170
3170
3218
3218
3218
3218
3218
3218
3172
3172
3172
3172
3172
3216
3216
3216
3216
3216
3170
3170
3170
3170
3170
3170
3143
3143
3143
3143
3143
3160
3160
3160
3160
3160
3105
3105
3105
3105
3105
3105
3075
3075
3075
3075
3075
3012
3012
3012
3012
3012
3019
3019
3019
3019
3019
3019
2947
2947
2947
2947
2947
2884
2884
2884
2884
2884
2841
2841
2841
2841
2841
2841
2809
2809
2809
2809
2809
2751
2751
2751
2751
2751
2685
2685
2685
2685
2685
2685
2679
2679
2679
2679
2679
2623
2623
2623
2623
2623
2629
2629
2629
2629
2629
2629
2564
2564
2564
2564
2564
2573
2573
2573
2573
2573
2522
2522
2522
2522
2522
2522
2461
2461
2461
2461
2461
2462
2462
2462
2462
2462
2334
2334
2334
2334
2334
2334
2315
2315
2315
2315
2315
2325
2325
2325
2325
2325
2317
2317
2317
2317
2317
2317
2290
2290
2290
2290
2290
2348
2348
2348
2348
2348
2355
2355
2355
2355
2355
2355
2397
2397
2397
2397
2397
2402
2402
2402
2402
2402
2403
2403
2403
2403
2403
2403
2382
2382
2382
2382
2382
2322
2322
2322
2322
2322
2282
2282
2282
2282
2282
2282
2213
2213
2213
2213
2213
2045
2045
2045
2045
2045
1989
1989
1989
1989
1989
1989
1949
1949
1949
1949
1949
1858
1858
1858
1858
1858
1788
1788
1788
1788
1788
1788
1704
1704
1704
1704
1704
1681
1681
1681
1681
1681
1616
1616
1616
1616
1616
1616
1643
1643
1643
1643
1643
1628
1628
1628
1628
1628
1692
1692
1692
1692
1692
1692
1704
1704
1704
1704
1704
1749
1749
1749
1749
1749
1823
1823
1823
1823
1823
1823
1905
1905
1905
1905
1905
1942
1942
1942
1942
1942
2018
2018
2018
2018
2018
2018
1998
1998
1998
1998
1998
2002
2002
2002
2002
2002
2051
2051
2051
2051
2051
2051
2004
2004
2004
2004
2004
2012
2012
2012
2012
2012
2009
2009
2009
2009
2009
2009
2065
2065
2065
2065
2065
2014
2014
2014
2014
2014
2037
2037
2037
2037
2037
2037
2031
2031
2031
2031
2031
1980
1980
1980
1980
1980
2012
2012
2012
2012
2012
2012
2051
2051
2051
2051
2051
2049
2049
2049
2049
2049
2022
2022
2022
2022
2022
2022
2094
2094
2094
2094
2094
2111
2111
2111
2111
2111
2155
2155
2155
2155
2155
2155
2243
2243
2243
2243
2243
2198
2198
2198
2198
2198
2219
2219
2219
2219
2219
2219
2186
2186
2186
2186
2186
2204
2204
2204
2204
2204
2196
2196
2196
2196
2196
2196
2229
2229
2229
2229
2229
2176
2176
2176
2176
2176
2172
2172
2172
2172
2172
2172
2169
2169
2169
2169
2169
2149
2149
2149
2149
2149
2134
2134
2134
2134
2134
2134
2158
2158
2158
2158
2158
2131
2131
2131
2131
2131
2112
2112
2112
2112
2112
2112
2110
2110
2110
2110
2110
2116
2116
2116
2116
2116
2165
2165
2165
2165
2165
2165
2145
2145
2145
2145
2145
2138
2138
2138
2138
2138
2195
2195
2195
2195
2195
2195
2192
2192
2192
2192
2192
2204
2204
2204
2204
2204
2210
2210
2210
2210
2210
2210
2220
2220
2220
2220
2220
2283
2283
2283
2283
2283
2312
2312
2312
2312
2312
2312
2356
2356
2356
2356
2356
2347
2347
2347
2347
2347
2374
2374
2374
2374
2374
2374
2390
2390
2390
2390
2390
2395
2395
2395
2395
2395
2326
2326
2326
2326
2326
2326
2409
2409
2409
2409
2409
2372
2372
2372
2372
2372
2390
2390
2390
2390
2390
2390
2361
2361
2361
2361
2361
2449
2449
2449
2449
2449
2466
2466
2466
2466
2466
2466
2583
2583
2583
2583
2583
2611
2611
2611
2611
2611
2607
2607
2607
2607
2607
2607
2689
2689
2689
2689
2689
2704
2704
2704
2704
2704
2768
2768
2768
2768
2768
2768
2823
2823
2823
2823
2823
2834
2834
2834
2834
2834
2858
2858
2858
2858
2858
2858
2874
2874
2874
2874
2874
2903
2903
2903
2903
2903
2939
2939
2939
2939
2939
2939
2966
2966
2966
2966
2966
2983
2983
2983
2983
2983
3031
3031
3031
3031
3031
3031
3021
3021
3021
3021
3021
3029
3029
3029
3029
3029
3005
3005
3005
3005
3005
3005
2970
2970
2970
2970
2970
3003
3003
3003
3003
3003
3002
3002
3002
3002
3002
3002
2940
2940
2940
2940
2940
2952
2952
2952
2952
2952
3005
3005
3005
3005
3005
3005
3012
3012
3012
3012
3012
2979
2979
2979
2979
2979
3021
3021
3021
3021
3021
3021
3075
3075
3075
3075
3075
3081
3081
3081
3081
3081
3114
3114
3114
3114
3114
3114
3112
3112
3112
3112
3112
3181
3181
3181
3181
3181
3171
3171
3171
3171
3171
3171
3234
3234
3234
3234
3234
3311
3311
3311
3311
3311
3281
3281
3281
3281
3281
3281
3349
3349
3349
3349
3349
3340
3340
3340
3340
3340
3261
3261
3261
3261
3261
3261
3327
3327
3327
3327
3327
3312
3312
3312
3312
3312
3355
3355
3355
3355
3355
3355
3354
3354
3354
3354
3354
3412
3412
3412
3412
3412
3382
3382
3382
3382
3382
3382
3470
3470
3470
3470
3470
3461
3461
3461
3461
3461
3504
3504
3504
3504
3504
3504
3562
3562
3562
3562
3562
3575
3575
3575
3575
3575
3639
3639
3639
3639
3639
3639
3624
3624
3624
3624
3624
3658
3658
3658
3658
3658
3659
3659
3659
3659
3659
3659
3662
3662
3662
3662
3662
3718
3718
3718
3718
3718
3715
3715
3715
3715
3715
3715
3726
3726
3726
3726
3726
3701
3701
3701
3701
3701
3722
3722
3722
3722
3722
3722
3693
3693
3693
3693
3693
3750
3750
3750
3750
3750
3655
3655
3655
3655
3655
3655
3715
3715
3715
3715
3715
3697
3697
3697
3697
3697
3700
3700
3700
3700
3700
3700
3702
3702
3702
3702
3702
3722
3722
3722
3722
3722
3720
3720
3720
3720
3720
3720
3719
3719
3719
3719
3719
3760
3760
3760
3760
3760
3729
3729
3729
3729
3729
3729
3667
3667
3667
3667
3667
3694
3694
3694
3694
3694
3693
3693
3693
3693
3693
3693
3656
3656
3656
3656
3656
3589
3589
3589
3589
3589
3574
3574
3574
3574
3574
3574
3558
3558
3558
3558
3558
3541
3541
3541
3541
3541
3532
3532
3532
3532
3532
3532
3539
3539
3539
3539
3539
3490
3490
3490
3490
3490
3479
3479
3479
3479
3479
3479
3492
3492
3492
3492
3492
3441
3441
3441
3441
3441
3463
3463
3463
3463
3463
3463
3426
3426
3426
3426
3426
3403
3403
3403
3403
3403
3408
3408
3408
3408
3408
3408
3376
3376
3376
3376
3376
3347
3347
3347
3347
3347
3352
3352
3352
3352
3352
3352
3344
3344
3344
3344
3344
3275
3275
3275
3275
3275
3240
3240
3240
3240
3240
3240
3187
3187
3187
3187
3187
3159
3159
3159
3159
3159
3124
3124
3124
3124
3124
3124
3085
3085
3085
3085
3085
3054
3054
3054
3054
3054
3051
3051
3051
3051
3051
3051
2986
2986
2986
2986
2986
3060
3060
3060
3060
3060
3018
3018
3018
3018
3018
3018
3038
3038
3038
3038
3038
2963
2963
2963
2963
2963
2927
2927
2927
2927
2927
2927
2889
2889
2889
2889
2889
2850
2850
2850
2850
2850
2812
2812
2812
2812
2812
2812
2784
2784
2784
2784
2784
2739
2739
2739
2739
2739
2704
2704
2704
2704
2704
2704
2721
2721
2721
2721
2721
2626
2626
2626
2626
2626
2682
2682
2682
2682
2682
2682
2595
2595
2595
2595
2595
2604
2604
2604
2604
2604
2591
2591
2591
2591
2591
2591
2600
2600
2600
2600
2600
2539
2539
2539
2539
2539
2553
2553
2553
2553
2553
2553
2564
2564
2564
2564
2564
2584
2584
2584
2584
2584
2603
2603
2603
2603
2603
2603
2600
2600
2600
2600
2600
2579
2579
2579
2579
2579
2577
2577
2577
2577
2577
2577
2571
2571
2571
2571
2571
2590
2590
2590
2590
2590
2535
2535
2535
2535
2535
2535
2485
2485
2485
2485
2485
2527
2527
2527
2527
2527
2516
2516
2516
2516
2516
2516
2491
2491
2491
2491
2491
2520
2520
2520
2520
2520
2455
2455
2455
2455
2455
2455
2506
2506
2506
2506
2506
2461
2461
2461
2461
2461
2486
2486
2486
2486
2486
2486
2485
2485
2485
2485
2485
2434
2434
2434
2434
2434
2394
2394
2394
2394
2394
2394
2431
2431
2431
2431
2431
2413
2413
2413
2413
2413
2344
2344
2344
2344
2344
2344
2357
2357
2357
2357
2357
2362
2362
2362
2362
2362
2313
2313
2313
2313
2313
2313
2270
2270
2270
2270
2270
2270
2270
2270
2270
2270
2287
2287
2287
2287
2287
2287
2272
2272
2272
2272
2272
2290
2290
2290
2290
2290
2265
2265
2265
2265
2265
2265
2255
2255
2255
2255
2255
2289
2289
2289
2289
2289
2324
2324
2324
2324
2324
2324
2301
2301
2301
2301
2301
2292
2292
2292
2292
2292
2280
2280
2280
2280
2280
2280
2312
2312
2312
2312
2312
2308
2308
2308
2308
2308
2315
2315
2315
2315
2315
2315
2349
2349
2349
2349
2349
2358
2358
2358
2358
2358
2344
2344
2344
2344
2344
2344
2394
2394
2394
2394
2394
2387
2387
2387
2387
2387
2423
2423
2423
2423
2423
2423
2450
2450
2450
2450
2450
2447
2447
2447
2447
2447
2435
2435
2435
2435
2435
2435
2436
2436
2436
2436
2436
2429
2429
2429
2429
2429
2473
2473
2473
2473
2473
2473
2482
2482
2482
2482
2482
2472
2472
2472
2472
2472
2465
2465
2465
2465
2465
2465
2464
2464
2464
2464
2464
2430
2430
2430
2430
2430
2428
2428
2428
2428
2428
2428
2428
2428
2428
2428
2428
2442
2442
2442
2442
2442
2462
2462
2462
2462
2462
2462
2483
2483
2483
2483
2483
2536
2536
2536
2536
2536
2576
2576
2576
2576
2576
2576
2512
2512
2512
2512
2512
2571
2571
2571
2571
2571
2590
2590
2590
2590
2590
2590
2554
2554
2554
2554
2554
2590
2590
2590
2590
2590
2617
2617
2617
2617
2617
2617
2546
2546
2546
2546
2546
2580
2580
2580
2580
2580
2532
2532
2532
2532
2532
2532
2503
2503
2503
2503
2503
2608
2608
2608
2608
2608
2543
2543
2543
2543
2543
2543
2600
2600
2600
2600
2600
2568
2568
2568
2568
2568
2623
2623
2623
2623
2623
2623
2589
2589
2589
2589
2589
2599
2599
2599
2599
2599
2591
2591
2591
2591
2591
2591
2628
2628
2628
2628
2628
2647
2647
2647
2647
2647
2687
2687
2687
2687
2687
2687
2663
2663
2663
2663
2663
2728
2728
2728
2728
2728
2714
2714
2714
2714
2714
2714
2749
2749
2749
2749
2749
2707
2707
2707
2707
2707
2752
2752
2752
2752
2752
2752
2707
2707
2707
2707
2707
2731
2731
2731
2731
2731
2661
2661
2661
2661
2661
2661
2707
2707
2707
2707
2707
2695
2695
2695
2695
2695
2710
2710
2710
2710
2710
2710
2724
2724
2724
2724
2724
2736
2736
2736
2736
2736
2717
2717
2717
2717
2717
2717
2774
2774
2774
2774
2774
2740
2740
2740
2740
2740
2746
2746
2746
2746
2746
2746
2790
2790
2790
2790
2790
2808
2808
2808
2808
2808
2786
2786
2786
2786
2786
2786
2795
2795
2795
2795
2795
2798
2798
2798
2798
2798
2778
2778
2778
2778
2778
2778
2816
2816
2816
2816
2816
2812
2812
2812
2812
2812
2830
2830
2830
2830
2830
2830
2808
2808
2808
2808
2808
2848
2848
2848
2848
2848
2808
2808
2808
2808
2808
2808
2845
2845
2845
2845
2845
2853
2853
2853
2853
2853
2844
2844
2844
2844
2844
2844
2826
2826
2826
2826
2826
2876
2876
2876
2876
2876
2895
2895
2895
2895
2895
2895
2911
2911
2911
2911
2911
2874
2874
2874
2874
2874
2965
2965
2965
2965
2965
2965
2984
2984
2984
2984
2984
2982
2982
2982
2982
2982
2928
2928
2928
2928
2928
2928
2928
2928
2928
2928
2928
2984
2984
2984
2984
2984
2909
2909
2909
2909
2909
2909
2960
2960
2960
2960
2960
2960
2960
2960
2960
2960
2979
2979
2979
2979
2979
2979
2942
2942
2942
2942
2942
2963
2963
2963
2963
2963
2987
2987
2987
2987
2987
2987
2989
2989
2989
2989
2989
2953
2953
2953
2953
2953
2932
2932
2932
2932
2932
2932
2981
2981
2981
2981
2981
2926
2926
2926
2926
2926
2959
2959
2959
2959
2959
2959
2967
2967
2967
2967
2967
2942
2942
2942
2942
2942
2926
2926
2926
2926
2926
2926
2923
2923
2923
2923
2923
2954
2954
2954
2954
2954
2943
2943
2943
2943
2943
2943
2974
2974
2974
2974
2974
2966
2966
2966
2966
2966
2973
2973
2973
2973
2973
2973
2925
2925
2925
2925
2925
2958
2958
2958
2958
2958
2977
2977
2977
2977
2977
2977
2947
2947
2947
2947
2947
2982
2982
2982
2982
2982
2957
2957
2957
2957
2957
2957
2957
2957
2957
2957
2957
2957
2957
2957
2957
2957
2910
2910
2910
2910
2910
2910
3010
3010
3010
3010
3010
2910
2910
2910
2910
2910
2953
2953
2953
2953
2953
2953
2956
2956
2956
2956
2956
2977
2977
2977
2977
2977
2996
2996
2996
2996
2996
2996
2943
2943
2943
2943
2943
2934
2934
2934
2934
2934
3016
3016
3016
3016
3016
3016
2921
2921
2921
2921
2921
2911
2911
2911
2911
2911
2930
2930
2930
2930
2930
2930
2961
2961
2961
2961
2961
2990
2990
2990
2990
2990
2921
2921
2921
2921
2921
2921
2949
2949
2949
2949
2949
2930
2930
2930
2930
2930
2913
2913
2913
2913
2913
2913
2907
2907
2907
2907
2907
2872
2872
2872
2872
2872
2897
2897
2897
2897
2897
2897
2876
2876
2876
2876
2876
2973
2973
2973
2973
2973
2864
2864
2864
2864
2864
2864
2922
2922
2922
2922
2922
2830
2830
2830
2830
2830
2876
2876
2876
2876
2876
2876
2896
2896
2896
2896
2896
2889
2889
2889
2889
2889
2876
2876
2876
2876
2876
2876
2855
2855
2855
2855
2855
2843
2843
2843
2843
2843
2845
2845
2845
2845
2845
2845
2815
2815
2815
2815
2815
2841
2841
2841
2841
2841
2818
2818
2818
2818
2818
2818
2780
2780
2780
2780
2780
2812
2812
2812
2812
2812
2803
2803
2803
2803
2803
2803
2912
2912
2912
2912
2912
2770
2770
2770
2770
2770
2776
2776
2776
2776
2776
2776
2748
2748
2748
2748
2748
2722
2722
2722
2722
2722
2762
2762
2762
2762
2762
2762
2731
2731
2731
2731
2731
2761
2761
2761
2761
2761
2723
2723
2723
2723
2723
2723
2726
2726
2726
2726
2726
2715
2715
2715
2715
2715
2751
2751
2751
2751
2751
2751
2717
2717
2717
2717
2717
2712
2712
2712
2712
2712
2711
2711
2711
2711
2711
2711
2745
2745
2745
2745
2745
2744
2744
2744
2744
2744
2696
2696
2696
2696
2696
2696
2709
2709
2709
2709
2709
2742
2742
2742
2742
2742
2738
2738
2738
2738
2738
2738
2733
2733
2733
2733
2733
2720
2720
2720
2720
2720
2730
2730
2730
2730
2730
2730
2721
2721
2721
2721
2721
2721
2721
2721
2721
2721
2713
2713
2713
2713
2713
2713
2695
2695
2695
2695
2695
2733
2733
2733
2733
2733
2749
2749
2749
2749
2749
2749
2760
2760
2760
2760
2760
2755
2755
2755
2755
2755
2748
2748
2748
2748
2748
2748
2753
2753
2753
2753
2753
2743
2743
2743
2743
2743
2729
2729
2729
2729
2729
2729
2738
2738
2738
2738
2738
2726
2726
2726
2726
2726
2739
2739
2739
2739
2739
2739
2748
2748
2748
2748
2748
2757
2757
2757
2757
2757
2773
2773
2773
2773
2773
2773
2766
2766
2766
2766
2766
2769
2769
2769
2769
2769
2771
2771
2771
2771
2771
2771
2742
2742
2742
2742
2742
2771
2771
2771
2771
2771
2765
2765
2765
2765
2765
2765
2737
2737
2737
2737
2737
2784
2784
2784
2784
2784
2787
2787
2787
2787
2787
2787
2785
2785
2785
2785
2785
2783
2783
2783
2783
2783
2750
2750
2750
2750
2750
2750
2754
2754
2754
2754
2754
2740
2740
2740
2740
2740
2772
2772
2772
2772
2772
2772
2779
2779
2779
2779
2779
2802
2802
2802
2802
2802
2802
2802
2802
2802
2802
2802
2808
2808
2808
2808
2808
2792
2792
2792
2792
2792
2801
2801
2801
2801
2801
2801
2825
2825
2825
2825
2825
2803
2803
2803
2803
2803
2855
2855
2855
2855
2855
2855
2840
2840
2840
2840
2840
2863
2863
2863
2863
2863
2850
2850
2850
2850
2850
2850
2859
2859
2859
2859
2859
2863
2863
2863
2863
2863
2872
2872
2872
2872
2872
2872
2881
2881
2881
2881
2881
2883
2883
2883
2883
2883
2896
2896
2896
2896
2896
2896
2894
2894
2894
2894
2894
2890
2890
2890
2890
2890
2862
2862
2862
2862
2862
2862
2899
2899
2899
2899
2899
2921
2921
2921
2921
2921
2933
2933
2933
2933
2933
2933
2930
2930
2930
2930
2930
2943
2943
2943
2943
2943
2951
2951
2951
2951
2951
2951
2945
2945
2945
2945
2945
2936
2936
2936
2936
2936
2946
2946
2946
2946
2946
2946
2948
2948
2948
2948
2948
2939
2939
2939
2939
2939
2957
2957
2957
2957
2957
2957
2929
2929
2929
2929
2929
2942
2942
2942
2942
2942
2938
2938
2938
2938
2938
2938
2914
2914
2914
2914
2914
2919
2919
2919
2919
2919
2917
2917
2917
2917
2917
2917
2925
2925
2925
2925
2925
2947
2947
2947
2947
2947
2926
2926
2926
2926
2926
2926
2901
2901
2901
2901
2901
2922
2922
2922
2922
2922
2939
2939
2939
2939
2939
2939
2930
2930
2930
2930
2930
2936
2936
2936
2936