2774
2748
2748
2748
2748
2748
2771
2771
2771
2771
2771
2771
2755
2755
2755
2755
2755
2754
2754
2754
2754
2754
2750
2750
2750
2750
2750
2750
2774
2774
2774
2774
2774
2788
2788
2788
2788
2788
2830
2830
2830
2830
2830
2830
2802
2802
2802
2802
2802
2757
2757
2757
2757
2757
2762
2762
2762
2762
2762
2762
2791
2791
2791
2791
2791
2795
2795
2795
2795
2795
2788
2788
2788
2788
2788
2788
2726
2726
2726
2726
2726
2760
2760
2760
2760
2760
2769
2769
2769
2769
2769
2769
2787
2787
2787
2787
2787
2749
2749
2749
2749
2749
2746
2746
2746
2746
2746
2746
2772
2772
2772
2772
2772
2798
2798
2798
2798
2798
2787
2787
2787
2787
2787
2787
2839
2839
2839
2839
2839
2765
2765
2765
2765
2765
2785
2785
2785
2785
2785
2785
2770
2770
2770
2770
2770
2766
2766
2766
2766
2766
2789
2789
2789
2789
2789
2789
2769
2769
2769
2769
2769
2758
2758
2758
2758
2758
2811
2811
2811
2811
2811
2811
2793
2793
2793
2793
2793
2765
2765
2765
2765
2765
2780
2780
2780
2780
2780
2780
2736
2736
2736
2736
2736
2799
2799
2799
2799
2799
2754
2754
2754
2754
2754
2754
2764
2764
2764
2764
2764
2685
2685
2685
2685
2685
2755
2755
2755
2755
2755
2755
2809
2809
2809
2809
2809
2753
2753
2753
2753
2753
2808
2808
2808
2808
2808
2808
2741
2741
2741
2741
2741
2778
2778
2778
2778
2778
2754
2754
2754
2754
2754
2754
2793
2793
2793
2793
2793
2761
2761
2761
2761
2761
2790
2790
2790
2790
2790
2790
2762
2762
2762
2762
2762
2760
2760
2760
2760
2760
2788
2788
2788
2788
2788
2788
2755
2755
2755
2755
2755
2767
2767
2767
2767
2767
2726
2726
2726
2726
2726
2726
2777
2777
2777
2777
2777
2787
2787
2787
2787
2787
2790
2790
2790
2790
2790
2790
2755
2755
2755
2755
2755
2747
2747
2747
2747
2747
2791
2791
2791
2791
2791
2791
2762
2762
2762
2762
2762
2783
2783
2783
2783
2783
2737
2737
2737
2737
2737
2737
2722
2722
2722
2722
2722
2803
2803
2803
2803
2803
2800
2800
2800
2800
2800
2800
2793
2793
2793
2793
2793
2757
2757
2757
2757
2757
2744
2744
2744
2744
2744
2744
2778
2778
2778
2778
2778
2743
2743
2743
2743
2743
2734
2734
2734
2734
2734
2734
2792
2792
2792
2792
2792
2720
2720
2720
2720
2720
2731
2731
2731
2731
2731
2731
2759
2759
2759
2759
2759
2761
2761
2761
2761
2761
2772
2772
2772
2772
2772
2772
2796
2796
2796
2796
2796
2801
2801
2801
2801
2801
2775
2775
2775
2775
2775
2775
2770
2770
2770
2770
2770
2728
2728
2728
2728
2728
2775
2775
2775
2775
2775
2775
2726
2726
2726
2726
2726
2757
2757
2757
2757
2757
2776
2776
2776
2776
2776
2776
2770
2770
2770
2770
2770
2772
2772
2772
2772
2772
2802
2802
2802
2802
2802
2802
2811
2811
2811
2811
2811
2732
2732
2732
2732
2732
2788
2788
2788
2788
2788
2788
2775
2775
2775
2775
2775
2772
2772
2772
2772
2772
2725
2725
2725
2725
2725
2725
2756
2756
2756
2756
2756
2730
2730
2730
2730
2730
2756
2756
2756
2756
2756
2756
2720
2720
2720
2720
2720
2772
2772
2772
2772
2772
2793
2793
2793
2793
2793
2793
2748
2748
2748
2748
2748
2765
2765
2765
2765
2765
2767
2767
2767
2767
2767
2767
2803
2803
2803
2803
2803
2757
2757
2757
2757
2757
2796
2796
2796
2796
2796
2796
2768
2768
2768
2768
2768
2758
2758
2758
2758
2758
2757
2757
2757
2757
2757
2757
2766
2766
2766
2766
2766
2765
2765
2765
2765
2765
2741
2741
2741
2741
2741
2741
2781
2781
2781
2781
2781
2731
2731
2731
2731
2731
2772
2772
2772
2772
2772
2772
2738
2738
2738
2738
2738
2787
2787
2787
2787
2787
2762
2762
2762
2762
2762
2762
2794
2794
2794
2794
2794
2730
2730
2730
2730
2730
2762
2762
2762
2762
2762
2762
2752
2752
2752
2752
2752
2712
2712
2712
2712
2712
2744
2744
2744
2744
2744
2744
2741
2741
2741
2741
2741
2743
2743
2743
2743
2743
2790
2790
2790
2790
2790
2790
2749
2749
2749
2749
2749
2740
2740
2740
2740
2740
2778
2778
2778
2778
2778
2778
2685
2685
2685
2685
2685
2740
2740
2740
2740
2740
2717
2717
2717
2717
2717
2717
2773
2773
2773
2773
2773
2778
2778
2778
2778
2778
2751
2751
2751
2751
2751
2751
2772
2772
2772
2772
2772
2746
2746
2746
2746
2746
2793
2793
2793
2793
2793
2793
2768
2768
2768
2768
2768
2762
2762
2762
2762
2762
2731
2731
2731
2731
2731
2731
2741
2741
2741
2741
2741
2787
2787
2787
2787
2787
2686
2686
2686
2686
2686
2686
2769
2769
2769
2769
2769
2703
2703
2703
2703
2703
2781
2781
2781
2781
2781
2781
2782
2782
2782
2782
2782
2735
2735
2735
2735
2735
2785
2785
2785
2785
2785
2785
2743
2743
2743
2743
2743
2791
2791
2791
2791
2791
2796
2796
2796
2796
2796
2796
2770
2770
2770
2770
2770
2750
2750
2750
2750
2750
2745
2745
2745
2745
2745
2745
2754
2754
2754
2754
2754
2724
2724
2724
2724
2724
2741
2741
2741
2741
2741
2741
2758
2758
2758
2758
2758
2775
2775
2775
2775
2775
2753
2753
2753
2753
2753
2753
2760
2760
2760
2760
2760
2740
2740
2740
2740
2740
2756
2756
2756
2756
2756
2756
2729
2729
2729
2729
2729
2769
2769
2769
2769
2769
2771
2771
2771
2771
2771
2771
2782
2782
2782
2782
2782
2750
2750
2750
2750
2750
2777
2777
2777
2777
2777
2777
2765
2765
2765
2765
2765
2730
2730
2730
2730
2730
2801
2801
2801
2801
2801
2801
2740
2740
2740
2740
2740
2762
2762
2762
2762
2762
2729
2729
2729
2729
2729
2729
2768
2768
2768
2768
2768
2771
2771
2771
2771
2771
2761
2761
2761
2761
2761
2761
2733
2733
2733
2733
2733
2780
2780
2780
2780
2780
2721
2721
2721
2721
2721
2721
2769
2769
2769
2769
2769
2740
2740
2740
2740
2740
2742
2742
2742
2742
2742
2742
2776
2776
2776
2776
2776
2768
2768
2768
2768
2768
2790
2790
2790
2790
2790
2790
2759
2759
2759
2759
2759
2804
2804
2804
2804
2804
2763
2763
2763
2763
2763
2763
2772
2772
2772
2772
2772
2750
2750
2750
2750
2750
2725
2725
2725
2725
2725
2725
2741
2741
2741
2741
2741
2773
2773
2773
2773
2773
2721
2721
2721
2721
2721
2721
2794
2794
2794
2794
2794
2737
2737
2737
2737
2737
2757
2757
2757
2757
2757
2757
2764
2764
2764
2764
2764
2737
2737
2737
2737
2737
2747
2747
2747
2747
2747
2747
2795
2795
2795
2795
2795
2776
2776
2776
2776
2776
2776
2776
2776
2776
2776
2776
2742
2742
2742
2742
2742
2792
2792
2792
2792
2792
2776
2776
2776
2776
2776
2776
2762
2762
2762
2762
2762
2749
2749
2749
2749
2749
2772
2772
2772
2772
2772
2772
2773
2773
2773
2773
2773
2802
2802
2802
2802
2802
2749
2749
2749
2749
2749
2749
2774
2774
2774
2774
2774
2749
2749
2749
2749
2749
2783
2783
2783
2783
2783
2783
2777
2777
2777
2777
2777
2737
2737
2737
2737
2737
2773
2773
2773
2773
2773
2773
2759
2759
2759
2759
2759
2793
2793
2793
2793
2793
2792
2792
2792
2792
2792
2792
2771
2771
2771
2771
2771
2762
2762
2762
2762
2762
2794
2794
2794
2794
2794
2794
2776
2776
2776
2776
2776
2804
2804
2804
2804
2804
2773
2773
2773
2773
2773
2773
2825
2825
2825
2825
2825
2731
2731
2731
2731
2731
2778
2778
2778
2778
2778
2778
2777
2777
2777
2777
2777
2778
2778
2778
2778
2778
2796
2796
2796
2796
2796
2796
2817
2817
2817
2817
2817
2798
2798
2798
2798
2798
2807
2807
2807
2807
2807
2807
2795
2795
2795
2795
2795
2791
2791
2791
2791
2791
2831
2831
2831
2831
2831
2831
2825
2825
2825
2825
2825
2811
2811
2811
2811
2811
2859
2859
2859
2859
2859
2859
2840
2840
2840
2840
2840
2825
2825
2825
2825
2825
2874
2874
2874
2874
2874
2874
2813
2813
2813
2813
2813
2875
2875
2875
2875
2875
2850
2850
2850
2850
2850
2850
2882
2882
2882
2882
2882
2857
2857
2857
2857
2857
2875
2875
2875
2875
2875
2875
2818
2818
2818
2818
2818
2882
2882
2882
2882
2882
2910
2910
2910
2910
2910
2910
2887
2887
2887
2887
2887
2877
2877
2877
2877
2877
2844
2844
2844
2844
2844
2844
2829
2829
2829
2829
2829
2809
2809
2809
2809
2809
2791
2791
2791
2791
2791
2791
2759
2759
2759
2759
2759
2778
2778
2778
2778
2778
2747
2747
2747
2747
2747
2747
2780
2780
2780
2780
2780
2814
2814
2814
2814
2814
2823
2823
2823
2823
2823
2823
2844
2844
2844
2844
2844
2872
2872
2872
2872
2872
2884
2884
2884
2884
2884
2884
2901
2901
2901
2901
2901
2961
2961
2961
2961
2961
2964
2964
2964
2964
2964
2964
2957
2957
2957
2957
2957
2937
2937
2937
2937
2937
2971
2971
2971
2971
2971
2971
3007
3007
3007
3007
3007
2973
2973
2973
2973
2973
2949
2949
2949
2949
2949
2949
2884
2884
2884
2884
2884
2876
2876
2876
2876
2876
2841
2841
2841
2841
2841
2841
2833
2833
2833
2833
2833
2830
2830
2830
2830
2830
2840
2840
2840
2840
2840
2840
2852
2852
2852
2852
2852
2907
2907
2907
2907
2907
2946
2946
2946
2946
2946
2946
3008
3008
3008
3008
3008
3007
3007
3007
3007
3007
3051
3051
3051
3051
3051
3051
3100
3100
3100
3100
3100
3088
3088
3088
3088
3088
3092
3092
3092
3092
3092
3092
3093
3093
3093
3093
3093
3069
3069
3069
3069
3069
3060
3060
3060
3060
3060
3060
3025
3025
3025
3025
3025
3018
3018
3018
3018
3018
2983
2983
2983
2983
2983
2983
2909
2909
2909
2909
2909
2867
2867
2867
2867
2867
2886
2886
2886
2886
2886
2886
2898
2898
2898
2898
2898
2839
2839
2839
2839
2839
2827
2827
2827
2827
2827
2827
2904
2904
2904
2904
2904
2962
2962
2962
2962
2962
3047
3047
3047
3047
3047
3047
3164
3164
3164
3164
3164
3201
3201
3201
3201
3201
3223
3223
3223
3223
3223
3223
3222
3222
3222
3222
3222
3154
3154
3154
3154
3154
3141
3141
3141
3141
3141
3141
3098
3098
3098
3098
3098
3006
3006
3006
3006
3006
2940
2940
2940
2940
2940
2940
2829
2829
2829
2829
2829
2824
2824
2824
2824
2824
2764
2764
2764
2764
2764
2764
2734
2734
2734
2734
2734
2713
2713
2713
2713
2713
2675
2675
2675
2675
2675
2675
2624
2624
2624
2624
2624
2625
2625
2625
2625
2625
2646
2646
2646
2646
2646
2646
2658
2658
2658
2658
2658
2745
2745
2745
2745
2745
2726
2726
2726
2726
2726
2726
2858
2858
2858
2858
2858
2895
2895
2895
2895
2895
2993
2993
2993
2993
2993
2993
3042
3042
3042
3042
3042
3073
3073
3073
3073
3073
3083
3083
3083
3083
3083
3083
3006
3006
3006
3006
3006
2934
2934
2934
2934
2934
2773
2773
2773
2773
2773
2773
2587
2587
2587
2587
2587
2437
2437
2437
2437
2437
2247
2247
2247
2247
2247
2247
2131
2131
2131
2131
2131
2045
2045
2045
2045
2045
2031
2031
2031
2031
2031
2031
2020
2020
2020
2020
2020
2061
2061
2061
2061
2061
2124
2124
2124
2124
2124
2124
2176
2176
2176
2176
2176
2237
2237
2237
2237
2237
2218
2218
2218
2218
2218
2218
2190
2190
2190
2190
2190
2138
2138
2138
2138
2138
2042
2042
2042
2042
2042
2042
1999
1999
1999
1999
1999
1982
1982
1982
1982
1982
2024
2024
2024
2024
2024
2024
2006
2006
2006
2006
2006
2145
2145
2145
2145
2145
2208
2208
2208
2208
2208
2208
2331
2331
2331
2331
2331
2417
2417
2417
2417
2417
2495
2495
2495
2495
2495
2495
2640
2640
2640
2640
2640
2772
2772
2772
2772
2772
2792
2792
2792
2792
2792
2792
2847
2847
2847
2847
2847
2886
2886
2886
2886
2886
2899
2899
2899
2899
2899
2899
2956
2956
2956
2956
2956
2952
2952
2952
2952
2952
2989
2989
2989
2989
2989
2989
3081
3081
3081
3081
3081
3172
3172
3172
3172
3172
3295
3295
3295
3295
3295
3295
3551
3551
3551
3551
3551
3733
3733
3733
3733
3733
3939
3939
3939
3939
3939
3939
4008
4008
4008
4008
4008
3983
3983
3983
3983
3983
3872
3872
3872
3872
3872
3872
3626
3626
3626
3626
3626
3291
3291
3291
3291
3291
2815
2815
2815
2815
2815
2815
2317
2317
2317
2317
2317
1881
1881
1881
1881
1881
1502
1502
1502
1502
1502
1502
1242
1242
1242
1242
1242
1174
1174
1174
1174
1174
1119
1119
1119
1119
1119
1119
1138
1138
1138
1138
1138
1165
1165
1165
1165
1165
1254
1254
1254
1254
1254
1254
1395
1395
1395
1395
1395
1539
1539
1539
1539
1539
1627
1627
1627
1627
1627
1627
1698
1698
1698
1698
1698
1700
1700
1700
1700
1700
1719
1719
1719
1719
1719
1719
1731
1731
1731
1731
1731
1679
1679
1679
1679
1679
1667
1667
1667
1667
1667
1667
1686
1686
1686
1686
1686
1697
1697
1697
1697
1697
1663
1663
1663
1663
1663
1663
1727
1727
1727
1727
1727
1899
1899
1899
1899
1899
2253
2253
2253
2253
2253
2253
2873
2873
2873
2873
2873
3691
3691
3691
3691
3691
4095
4095
4095
4095
4095
4095
4095
4095
4095
4095
4095
4095
4095
4095
4095
4095
4095
4095
4095
4095
4095
4095
4095
4095
4095
4095
4095
4095
4095
4095
4095
4095
4095
4095
4095
4095
4095
4095
4095
4095
4095
4095
4095
4095
4095
4095
4095
4095
4095
4095
4095
4095
4095
4095
3798
3798
3798
3798
3798
3251
3251
3251
3251
3251
2943
2943
2943
2943
2943
2943
2782
2782
2782
2782
2782
2747
2747
2747
2747
2747
2807
2807
2807
2807
2807
2807
2900
2900
2900
2900
2900
2928
2928
2928
2928
2928
2785
2785
2785
2785
2785
2785
2559
2559
2559
2559
2559
2219
2219
2219
2219
2219
1816
1816
1816
1816
1816
1816
1409
1409
1409
1409
1409
1127
1127
1127
1127
1127
983
983
983
983
983
983
922
922
922
922
922
906
906
906
906
906
864
864
864
864
864
864
868
868
868
868
868
857
857
857
857
857
856
856
856
856
856
856
872
872
872
872
872
892
892
892
892
892
896
896
896
896
896
896
921
921
921
921
921
969
969
969
969
969
996
996
996
996
996
996
1054
1054
1054
1054
1054
1125
1125
1125
1125
1125
1223
1223
1223
1223
1223
1223
1417
1417
1417
1417
1417
1666
1666
1666
1666
1666
2000
2000
2000
2000
2000
2000
2462
2462
2462
2462
2462
3045
3045
3045
3045
3045
3677
3677
3677
3677
3677
3677
4095
4095
4095
4095
4095
4095
4095
4095
4095
4095
4095
4095
4095
4095
4095
4095
4095
4095
4095
4095
4095
4095
4095
4095
4095
4095
4095
4095
4095
4095
4095
4095
4095
4095
4095
4095
4095
4095
4095
4095
4095
4095
4095
4095
4095
4095
4095
4095
4095
4095
4095
4095
4095
3830
3830
3830
3830
3830
3447
3447
3447
3447
3447
3447
3083
3083
3083
3083
3083
2790
2790
2790
2790
2790
2567
2567
2567
2567
2567
2567
2490
2490
2490
2490
2490
2408
2408
2408
2408
2408
2407
2407
2407
2407
2407
2407
2385
2385
2385
2385
2385
2353
2353
2353
2353
2353
2248
2248
2248
2248
2248
2248
2139
2139
2139
2139
2139
2105
2105
2105
2105
2105
1981
1981
1981
1981
1981
1981
2020
2020
2020
2020
2020
2034
2034
2034
2034
2034
2132
2132
2132
2132
2132
2132
2183
2183
2183
2183
2183
2349
2349
2349
2349
2349
2490
2490
2490
2490
2490
2490
2567
2567
2567
2567
2567
2550
2550
2550
2550
2550
2559
2559
2559
2559
2559
2559
2450
2450
2450
2450
2450
2294
2294
2294
2294
2294
2190
2190
2190
2190
2190
2190
2057
2057
2057
2057
2057
2036
2036
2036
2036
2036
2127
2127
2127
2127
2127
2127
2186
2186
2186
2186
2186
2427
2427
2427
2427
2427
2665
2665
2665
2665
2665
2665
2991
2991
2991
2991
2991
3280
3280
3280
3280
3280
3587
3587
3587
3587
3587
3587
3828
3828
3828
3828
3828
3982
3982
3982
3982
3982
4095
4095
4095
4095
4095
4095
4095
4095
4095
4095
4095
4084
4084
4084
4084
4084
3977
3977
3977
3977
3977
3977
3885
3885
3885
3885
3885
3685
3685
3685
3685
3685
3480
3480
3480
3480
3480
3480
3192
3192
3192
3192
3192
2934
2934
2934
2934
2934
2651
2651
2651
2651
2651
2651
2390
2390
2390
2390
2390
2160
2160
2160
2160
2160
1957
1957
1957
1957
1957
1957
1768
1768
1768
1768
1768
1673
1673
1673
1673
1673
1643
1643
1643
1643
1643
1643
1691
1691
1691
1691
1691
1830
1830
1830
1830
1830
1962
1962
1962
1962
1962
1962
2187
2187
2187
2187
2187
2404
2404
2404
2404
2404
2553
2553
2553
2553
2553
2553
2750
2750
2750
2750
2750
2790
2790
2790
2790
2790
2744
2744
2744
2744
2744
2744
2751
2751
2751
2751
2751
2711
2711
2711
2711
2711
2691
2691
2691
2691
2691
2691
2641
2641
2641
2641
2641
2626
2626
2626
2626
2626
2700
2700
2700
2700
2700
2700
2780
2780
2780
2780
2780
2919
2919
2919
2919
2919
3008
3008
3008
3008
3008
3008
3083
3083
3083
3083
3083
3125
3125
3125
3125
3125
3092
3092
3092
3092
3092
3092
2972
2972
2972
2972
2972
2843
2843
2843
2843
2843
2607
2607
2607
2607
2607
2607
2454
2454
2454
2454
2454
2273
2273
2273
2273
2273
2140
2140
2140
2140
2140
2140
2036
2036
2036
2036
2036
1966
1966
1966
1966
1966
1897
1897
1897
1897
1897
1897
1914
1914
1914
1914
1914
1978
1978
1978
1978
1978
1976
1976
1976
1976
1976
1976
2034
2034
2034
2034
2034
2142
2142
2142
2142
2142
2241
2241
2241
2241
2241
2241
2305
2305
2305
2305
2305
2379
2379
2379
2379
2379
2399
2399
2399
2399
2399
2399
2495
2495
2495
2495
2495
2395
2395
2395
2395
2395
2360
2360
2360
2360
2360
2360
2223
2223
2223
2223
2223
2088
2088
2088
2088
2088
1986
1986
1986
1986
1986
1986
1837
1837
1837
1837
1837
1802
1802
1802
1802
1802
1774
1774
1774
1774
1774
1774
1776
1776
1776
1776
1776
1815
1815
1815
1815
1815
1946
1946
1946
1946
1946
1946
2093
2093
2093
2093
2093
2280
2280
2280
2280
2280
2433
2433
2433
2433
2433
2433
2604
2604
2604
2604
2604
2725
2725
2725
2725
2725
2777
2777
2777
2777
2777
2777
2755
2755
2755
2755
2755
2715
2715
2715
2715
2715
2552
2552
2552
2552
2552
2552
2414
2414
2414
2414
2414
2287
2287
2287
2287
2287
2141
2141
2141
2141
2141
2141
2145
2145
2145
2145
2145
2191
2191
2191
2191
2191
2271
2271
2271
2271
2271
2271
2445
2445
2445
2445
2445
2601
2601
2601
2601
2601
2768
2768
2768
2768
2768
2768
2900
2900
2900
2900
2900
3019
3019
3019
3019
3019
3116
3116
3116
3116
3116
3116
3125
3125
3125
3125
3125
3126
3126
3126
3126
3126
3092
3092
3092
3092
3092
3092
3065
3065
3065
3065
3065
2999
2999
2999
2999
2999
2925
2925
2925
2925
2925
2925
2825
2825
2825
2825
2825
2753
2753
2753
2753
2753
2758
2758
2758
2758
2758
2758
2836
2836
2836
2836
2836
2881
2881
2881
2881
2881
2977
2977
2977
2977
2977
2977
3019
3019
3019
3019
3019
3184
3184
3184
3184
3184
3208
3208
3208
3208
3208
3208
3145
3145
3145
3145
3145
3083
3083
3083
3083
3083
2915
2915
2915
2915
2915
2915
2787
2787
2787
2787
2787
2617
2617
2617
2617
2617
2422
2422
2422
2422
2422
2422
2302
2302
2302
2302
2302
2186
2186
2186
2186
2186
2012
2012
2012
2012
2012
2012
1979
1979
1979
1979
1979
1895
1895
1895
1895
1895
1800
1800
1800
1800
1800
1800
1731
1731
1731
1731
1731
1672
1672
1672
1672
1672
1630
1630
1630
1630
1630
1630
1521
1521
1521
1521
1521
1526
1526
1526
1526
1526
1446
1446
1446
1446
1446
1446
1407
1407
1407
1407
1407
1403
1403
1403
1403
1403
1424
1424
1424
1424
1424
1424
1493
1493
1493
1493
1493
1557
1557
1557
1557
1557
1660
1660
1660
1660
1660
1660
1804
1804
1804
1804
1804
1859
1859
1859
1859
1859
2016
2016
2016
2016
2016
2016
2128
2128
2128
2128
2128
2191
2191
2191
2191
2191
2355
2355
2355
2355
2355
2355
2412
2412
2412
2412
2412
2603
2603
2603
2603
2603
2831
2831
2831
2831
2831
2831
2906
2906
2906
2906
2906
3116
3116
3116
3116
3116
3163
3163
3163
3163
3163
3163
3155
3155
3155
3155
3155
3226
3226
3226
3226
3226
3143
3143
3143
3143
3143
3143
3163
3163
3163
3163
3163
3136
3136
3136
3136
3136
3110
3110
3110
3110
3110
3110
3140
3140
3140
3140
3140
3166
3166
3166
3166
3166
3152
3152
3152
3152
3152
3152
3143
3143
3143
3143
3143
3161
3161
3161
3161
3161
3023
3023
3023
3023
3023
3023
2955
2955
2955
2955
2955
2885
2885
2885
2885
2885
2816
2816
2816
2816
2816
2816
2761
2761
2761
2761
2761
2734
2734
2734
2734
2734
2701
2701
2701
2701
2701
2701
2732
2732
2732
2732
2732
2670
2670
2670
2670
2670
2653
2653
2653
2653
2653
2653
2626
2626
2626
2626
2626
2594
2594
2594
2594
2594
2513
2513
2513
2513
2513
2513
2406
2406
2406
2406
2406
2330
2330
2330
2330
2330
2243
2243
2243
2243
2243
2243
2153
2153
2153
2153
2153
2054
2054
2054
2054
2054
2082
2082
2082
2082
2082
2082
2029
2029
2029
2029
2029
2082
2082
2082
2082
2082
2180
2180
2180
2180
2180
2180
2213
2213
2213
2213
2213
2301
2301
2301
2301
2301
2306
2306
2306
2306
2306
2306
2441
2441
2441
2441
2441
2540
2540
2540
2540
2540
2619
2619
2619
2619
2619
2619
2677
2677
2677
2677
2677
2752
2752
2752
2752
2752
2943
2943
2943
2943
2943
2943
3011
3011
3011
3011
3011
3148
3148
3148
3148
3148
3153
3153
3153
3153
3153
3153
3198
3198
3198
3198
3198
3179
3179
3179
3179
3179
3082
3082
3082
3082
3082
3082
3015
3015
3015
3015
3015
2925
2925
2925
2925
2925
2852
2852
2852
2852
2852
2852
2815
2815
2815
2815
2815
2773
2773
2773
2773
2773
2679
2679
2679
2679
2679
2679
2753
2753
2753
2753
2753
2656
2656
2656
2656
2656
2701
2701
2701
2701
2701
2701
2636
2636
2636
2636
2636
2606
2606
2606
2606
2606
2482
2482
2482
2482
2482
2482
2451
2451
2451
2451
2451
2372
2372
2372
2372
2372
2360
2360
2360
2360
2360
2360
2369
2369
2369
2369
2369
2333
2333
2333
2333
2333
2396
2396
2396
2396
2396
2396
2466
2466
2466
2466
2466
2504
2504
2504
2504
2504
2458
2458
2458
2458
2458
2458
2438
2438
2438
2438
2438
2442
2442
2442
2442
2442
2329
2329
2329
2329
2329
2329
2336
2336
2336
2336
2336
2284
2284
2284
2284
2284
2241
2241
2241
2241
2241
2241
2198
2198
2198
2198
2198
2252
2252
2252
2252
2252
2293
2293
2293
2293
2293
2293
2267
2267
2267
2267
2267
2307
2307
2307
2307
2307
2311
2311
2311
2311
2311
2311
2347
2347
2347
2347
2347
2388
2388
2388
2388
2388
2440
2440
2440
2440
2440
2440
2505
2505
2505
2505
2505
2539
2539
2539
2539
2539
2581
2581
2581
2581
2581
2581
2716
2716
2716
2716
2716
2761
2761
2761
2761
2761
2729
2729
2729
2729
2729
2729
2733
2733
2733
2733
2733
2744
2744
2744
2744
2744
2693
2693
2693
2693
2693
2693
2687
2687
2687
2687
2687
2662
2662
2662
2662
2662
2646
2646
2646
2646
2646
2646
2631
2631
2631
2631
2631
2637
2637
2637
2637
2637
2647
2647
2647
2647
2647
2647
2633
2633
2633
2633
2633
2656
2656
2656
2656
2656
2681
2681
2681
2681
2681
2681
2635
2635
2635
2635
2635
2619
2619
2619
2619
2619
2616
2616
2616
2616
2616
2616
2522
2522
2522
2522
2522
2497
2497
2497
2497
2497
2443
2443
2443
2443
2443
2443
2412
2412
2412
2412
2412
2400
2400
2400
2400
2400
2372
2372
2372
2372
2372
2372
2377
2377
2377
2377
2377
2341
2341
2341
2341
2341
2411
2411
2411
2411
2411
2411
2380
2380
2380
2380
2380
2368
2368
2368
2368
2368
2386
2386
2386
2386
2386
2386
2412
2412
2412
2412
2412
2405
2405
2405
2405
2405
2400
2400
2400
2400
2400
2400
2437
2437
2437
2437
2437
2446
2446
2446
2446
2446
2481
2481
2481
2481
2481
2481
2477
2477
2477
2477
2477
2572
2572
2572
2572
2572
2617
2617
2617
2617
2617
2617
2655
2655
2655
2655
2655
2672
2672
2672
2672
2672
2678
2678
2678
2678
2678
2678
2675
2675
2675
2675
2675
2687
2687
2687
2687
2687
2677
2677
2677
2677
2677
2677
2663
2663
2663
2663
2663
2670
2670
2670
2670
2670
2623
2623
2623
2623
2623
2623
2628
2628
2628
2628
2628
2607
2607
2607
2607
2607
2566
2566
2566
2566
2566
2566
2542
2542
2542
2542
2542
2463
2463
2463
2463
2463
2407
2407
2407
2407
2407
2407
2332
2332
2332
2332
2332
2349
2349
2349
2349
2349
2321
2321
2321
2321
2321
2321
2289
2289
2289
2289
2289
2317
2317
2317
2317
2317
2313
2313
2313
2313
2313
2313
2279
2279
2279
2279
2279
2249
2249
2249
2249
2249
2204
2204
2204
2204
2204
2204
2144
2144
2144
2144
2144
2104
2104
2104
2104
2104
2056
2056
2056
2056
2056
2056
2029
2029
2029
2029
2029
2056
2056
2056
2056
2056
2051
2051
2051
2051
2051
2051
2078
2078
2078
2078
2078
2124
2124
2124
2124
2124
2181
2181
2181
2181
2181
2181
2253
2253
2253
2253
2253
2321
2321
2321
2321
2321
2364
2364
2364
2364
2364
2364
2388
2388
2388
2388
2388
2455
2455
2455
2455
2455
2456
2456
2456
2456
2456
2456
2439
2439
2439
2439
2439
2453
2453
2453
2453
2453
2521
2521
2521
2521
2521
2521
2577
2577
2577
2577
2577
2599
2599
2599
2599
2599
2688
2688
2688
2688
2688
2688
2753
2753
2753
2753
2753
2814
2814
2814
2814
2814
2885
2885
2885
2885
2885
2885
2848
2848
2848
2848
2848
2916
2916
2916
2916
2916
2869
2869
2869
2869
2869
2869
2859
2859
2859
2859
2859
2834
2834
2834
2834
2834
2808
2808
2808
2808
2808
2808
2742
2742
2742
2742
2742
2685
2685
2685
2685
2685
2636
2636
2636
2636
2636
2636
2588
2588
2588
2588
2588
2525
2525
2525
2525
2525
2485
2485
2485
2485
2485
2485
2410
2410
2410
2410
2410
2379
2379
2379
2379
2379
2366
2366
2366
2366
2366
2366
2368
2368
2368
2368
2368
2357
2357
2357
2357
2357
2345
2345
2345
2345
2345
2345
2358
2358
2358
2358
2358
2351
2351
2351
2351
2351
2337
2337
2337
2337
2337
2337
2333
2333
2333
2333
2333
2324
2324
2324
2324
2324
2331
2331
2331
2331
2331
2331
2357
2357
2357
2357
2357
2401
2401
2401
2401
2401
2411
2411
2411
2411
2411
2411
2467
2467
2467
2467
2467
2532
2532
2532
2532
2532
2590
2590
2590
2590
2590
2590
2655
2655
2655
2655
2655
2719
2719
2719
2719
2719
2773
2773
2773
2773
2773
2773
2827
2827
2827
2827
2827
2829
2829
2829
2829
2829
2840
2840
2840
2840
2840
2840
2870
2870
2870
2870
2870
2874
2874
2874
2874
2874
2843
2843
2843
2843
2843
2843
2850
2850
2850
2850
2850
2800
2800
2800
2800
2800
2773
2773
2773
2773
2773
2773
2709
2709
2709
2709
2709
2697
2697
2697
2697
2697
2685
2685
2685
2685
2685
2685
2650
2650
2650
2650
2650
2620
2620
2620
2620
2620
2671
2671
2671
2671
2671
2671
2661
2661
2661
2661
2661
2636
2636
2636
2636
2636
2635
2635
2635
2635
2635
2635
2620
2620
2620
2620
2620
2612
2612
2612
2612
2612
2556
2556
2556
2556
2556
2556
2525
2525
2525
2525
2525
2466
2466
2466
2466
2466
2437
2437
2437
2437
2437
2437
2406
2406
2406
2406
2406
2408
2408
2408
2408
2408
2431
2431
2431
2431
2431
2431
2451
2451
2451
2451
2451
2474
2474
2474
2474
2474
2484
2484
2484
2484
2484
2484
2468
2468
2468
2468
2468
2493
2493
2493
2493
2493
2503
2503
2503
2503
2503
2503
2494
2494
2494
2494
2494
2486
2486
2486
2486
2486
2543
2543
2543
2543
2543
2543
2543
2543
2543
2543
2543
2586
2586
2586
2586
2586
2642
2642
2642
2642
2642
2642
2659
2659
2659
2659
2659
2685
2685
2685
2685
2685
2678
2678
2678
2678
2678
2678
2664
2664
2664
2664
2664
2652
2652
2652
2652
2652
2652
2652
2652
2652
2652
2652
2658
2658
2658
2658
2658
2665
2665
2665
2665
2665
2666
2666
2666
2666
2666
2666
2727
2727
2727
2727
2727
2730
2730
2730
2730
2730
2740
2740
2740
2740
2740
2740
2729
2729
2729
2729
2729
2703
2703
2703
2703
2703
2673
2673
2673
2673
2673
2673
2603
2603
2603
2603
2603
2535
2535
2535
2535
2535
2497
2497
2497
2497
2497
2497
2487
2487
2487
2487
2487
2456
2456
2456
2456
2456
2437
2437
2437
2437
2437
2437
2456
2456
2456
2456
2456
2492
2492
2492
2492
2492
2577
2577
2577
2577
2577
2577
2561
2561
2561
2561
2561
2591
2591
2591
2591
2591
2572
2572
2572
2572
2572
2572
2544
2544
2544
2544
2544
2499
2499
2499
2499
2499
2484
2484
2484
2484
2484
2484
2485
2485
2485
2485
2485
2461
2461
2461
2461
2461
2463
2463
2463
2463
2463
2463
2494
2494
2494
2494
2494
2551
2551
2551
2551
2551
2580
2580
2580
2580
2580
2580
2608
2608
2608
2608
2608
2621
2621
2621
2621
2621
2650
2650
2650
2650
2650
2650
2656
2656
2656
2656
2656
2644
2644
2644
2644
2644
2645