2824
2824
2824
2861
2861
2861
2861
2861
2861
2931
2931
2931
2931
2931
2980
2980
2980
2980
2980
3016
3016
3016
3016
3016
3016
3010
3010
3010
3010
3010
3019
3019
3019
3019
3019
2992
2992
2992
2992
2992
2992
2942
2942
2942
2942
2942
2907
2907
2907
2907
2907
2873
2873
2873
2873
2873
2873
2834
2834
2834
2834
2834
2790
2790
2790
2790
2790
2786
2786
2786
2786
2786
2786
2762
2762
2762
2762
2762
2760
2760
2760
2760
2760
2744
2744
2744
2744
2744
2744
2709
2709
2709
2709
2709
2672
2672
2672
2672
2672
2639
2639
2639
2639
2639
2639
2643
2643
2643
2643
2643
2651
2651
2651
2651
2651
2691
2691
2691
2691
2691
2691
2744
2744
2744
2744
2744
2798
2798
2798
2798
2798
2842
2842
2842
2842
2842
2842
2895
2895
2895
2895
2895
2913
2913
2913
2913
2913
2940
2940
2940
2940
2940
2940
2926
2926
2926
2926
2926
2904
2904
2904
2904
2904
2834
2834
2834
2834
2834
2834
2762
2762
2762
2762
2762
2673
2673
2673
2673
2673
2557
2557
2557
2557
2557
2557
2452
2452
2452
2452
2452
2373
2373
2373
2373
2373
2309
2309
2309
2309
2309
2309
2272
2272
2272
2272
2272
2246
2246
2246
2246
2246
2305
2305
2305
2305
2305
2305
2343
2343
2343
2343
2343
2377
2377
2377
2377
2377
2385
2385
2385
2385
2385
2385
2365
2365
2365
2365
2365
2337
2337
2337
2337
2337
2268
2268
2268
2268
2268
2268
2201
2201
2201
2201
2201
2147
2147
2147
2147
2147
2134
2134
2134
2134
2134
2134
2141
2141
2141
2141
2141
2188
2188
2188
2188
2188
2241
2241
2241
2241
2241
2241
2326
2326
2326
2326
2326
2411
2411
2411
2411
2411
2471
2471
2471
2471
2471
2471
2531
2531
2531
2531
2531
2595
2595
2595
2595
2595
2672
2672
2672
2672
2672
2672
2751
2751
2751
2751
2751
2816
2816
2816
2816
2816
2854
2854
2854
2854
2854
2854
2894
2894
2894
2894
2894
2910
2910
2910
2910
2910
2898
2898
2898
2898
2898
2898
2914
2914
2914
2914
2914
2930
2930
2930
2930
2930
2983
2983
2983
2983
2983
2983
3087
3087
3087
3087
3087
3223
3223
3223
3223
3223
3393
3393
3393
3393
3393
3393
3546
3546
3546
3546
3546
3632
3632
3632
3632
3632
3646
3646
3646
3646
3646
3646
3606
3606
3606
3606
3606
3427
3427
3427
3427
3427
3173
3173
3173
3173
3173
3173
2871
2871
2871
2871
2871
2515
2515
2515
2515
2515
2180
2180
2180
2180
2180
2180
1876
1876
1876
1876
1876
1641
1641
1641
1641
1641
1476
1476
1476
1476
1476
1476
1404
1404
1404
1404
1404
1393
1393
1393
1393
1393
1438
1438
1438
1438
1438
1438
1504
1504
1504
1504
1504
1603
1603
1603
1603
1603
1679
1679
1679
1679
1679
1679
1701
1701
1701
1701
1701
1715
1715
1715
1715
1715
1705
1705
1705
1705
1705
1705
1700
1700
1700
1700
1700
1709
1709
1709
1709
1709
1709
1709
1709
1709
1709
1709
1734
1734
1734
1734
1734
1760
1760
1760
1760
1760
1789
1789
1789
1789
1789
1789
1808
1808
1808
1808
1808
1882
1882
1882
1882
1882
2000
2000
2000
2000
2000
2000
2251
2251
2251
2251
2251
2667
2667
2667
2667
2667
3228
3228
3228
3228
3228
3228
3938
3938
3938
3938
3938
4095
4095
4095
4095
4095
4095
4095
4095
4095
4095
4095
4095
4095
4095
4095
4095
4095
4095
4095
4095
4095
4095
4095
4095
4095
4095
4095
4095
4095
4095
4095
4095
4095
4095
4095
4095
4095
4095
4095
4095
4095
4095
4095
4050
4050
4050
4050
4050
3839
3839
3839
3839
3839
3618
3618
3618
3618
3618
3618
3549
3549
3549
3549
3549
3514
3514
3514
3514
3514
3518
3518
3518
3518
3518
3518
3477
3477
3477
3477
3477
3358
3358
3358
3358
3358
3173
3173
3173
3173
3173
3173
2948
2948
2948
2948
2948
2635
2635
2635
2635
2635
2311
2311
2311
2311
2311
2311
1961
1961
1961
1961
1961
1650
1650
1650
1650
1650
1350
1350
1350
1350
1350
1350
1083
1083
1083
1083
1083
862
862
862
862
862
715
715
715
715
715
715
625
625
625
625
625
566
566
566
566
566
565
565
565
565
565
565
598
598
598
598
598
666
666
666
666
666
758
758
758
758
758
758
890
890
890
890
890
1009
1009
1009
1009
1009
1133
1133
1133
1133
1133
1133
1218
1218
1218
1218
1218
1307
1307
1307
1307
1307
1403
1403
1403
1403
1403
1403
1529
1529
1529
1529
1529
1676
1676
1676
1676
1676
1905
1905
1905
1905
1905
1905
2202
2202
2202
2202
2202
2575
2575
2575
2575
2575
3013
3013
3013
3013
3013
3013
3495
3495
3495
3495
3495
3962
3962
3962
3962
3962
4081
4081
4081
4081
4081
4081
4095
4095
4095
4095
4095
4095
4095
4095
4095
4095
4095
4095
4095
4095
4095
4095
4095
4095
4095
4095
4095
4095
4095
4095
4095
4095
4095
4095
4095
4095
4095
4095
4084
4084
4084
4084
4084
4045
4045
4045
4045
4045
3899
3899
3899
3899
3899
3899
3664
3664
3664
3664
3664
3431
3431
3431
3431
3431
3243
3243
3243
3243
3243
3243
3074
3074
3074
3074
3074
2933
2933
2933
2933
2933
2798
2798
2798
2798
2798
2798
2654
2654
2654
2654
2654
2512
2512
2512
2512
2512
2331
2331
2331
2331
2331
2331
2148
2148
2148
2148
2148
1969
1969
1969
1969
1969
1819
1819
1819
1819
1819
1819
1700
1700
1700
1700
1700
1615
1615
1615
1615
1615
1610
1610
1610
1610
1610
1610
1678
1678
1678
1678
1678
1813
1813
1813
1813
1813
1996
1996
1996
1996
1996
1996
2175
2175
2175
2175
2175
2317
2317
2317
2317
2317
2375
2375
2375
2375
2375
2375
2330
2330
2330
2330
2330
2191
2191
2191
2191
2191
2051
2051
2051
2051
2051
2051
1929
1929
1929
1929
1929
1828
1828
1828
1828
1828
1810
1810
1810
1810
1810
1810
1888
1888
1888
1888
1888
2047
2047
2047
2047
2047
2250
2250
2250
2250
2250
2250
2489
2489
2489
2489
2489
2730
2730
2730
2730
2730
2988
2988
2988
2988
2988
2988
3220
3220
3220
3220
3220
3414
3414
3414
3414
3414
3564
3564
3564
3564
3564
3564
3665
3665
3665
3665
3665
3699
3699
3699
3699
3699
3685
3685
3685
3685
3685
3685
3571
3571
3571
3571
3571
3451
3451
3451
3451
3451
3313
3313
3313
3313
3313
3313
3196
3196
3196
3196
3196
3096
3096
3096
3096
3096
3009
3009
3009
3009
3009
3009
2924
2924
2924
2924
2924
2831
2831
2831
2831
2831
2701
2701
2701
2701
2701
2701
2532
2532
2532
2532
2532
2375
2375
2375
2375
2375
2220
2220
2220
2220
2220
2220
2094
2094
2094
2094
2094
2009
2009
2009
2009
2009
1961
1961
1961
1961
1961
1961
1962
1962
1962
1962
1962
1977
1977
1977
1977
1977
2005
2005
2005
2005
2005
2005
2064
2064
2064
2064
2064
2114
2114
2114
2114
2114
2187
2187
2187
2187
2187
2187
2263
2263
2263
2263
2263
2339
2339
2339
2339
2339
2422
2422
2422
2422
2422
2422
2519
2519
2519
2519
2519
2573
2573
2573
2573
2573
2612
2612
2612
2612
2612
2612
2616
2616
2616
2616
2616
2612
2612
2612
2612
2612
2604
2604
2604
2604
2604
2604
2599
2599
2599
2599
2599
2613
2613
2613
2613
2613
2684
2684
2684
2684
2684
2684
2751
2751
2751
2751
2751
2800
2800
2800
2800
2800
2840
2840
2840
2840
2840
2840
2847
2847
2847
2847
2847
2831
2831
2831
2831
2831
2789
2789
2789
2789
2789
2789
2749
2749
2749
2749
2749
2678
2678
2678
2678
2678
2645
2645
2645
2645
2645
2645
2646
2646
2646
2646
2646
2638
2638
2638
2638
2638
2630
2630
2630
2630
2630
2630
2637
2637
2637
2637
2637
2624
2624
2624
2624
2624
2621
2621
2621
2621
2621
2621
2651
2651
2651
2651
2651
2684
2684
2684
2684
2684
2742
2742
2742
2742
2742
2742
2762
2762
2762
2762
2762
2766
2766
2766
2766
2766
2723
2723
2723
2723
2723
2723
2618
2618
2618
2618
2618
2471
2471
2471
2471
2471
2340
2340
2340
2340
2340
2340
2211
2211
2211
2211
2211
2140
2140
2140
2140
2140
2117
2117
2117
2117
2117
2117
2144
2144
2144
2144
2144
2232
2232
2232
2232
2232
2368
2368
2368
2368
2368
2368
2490
2490
2490
2490
2490
2578
2578
2578
2578
2578
2643
2643
2643
2643
2643
2643
2650
2650
2650
2650
2650
2632
2632
2632
2632
2632
2580
2580
2580
2580
2580
2580
2525
2525
2525
2525
2525
2498
2498
2498
2498
2498
2486
2486
2486
2486
2486
2486
2548
2548
2548
2548
2548
2610
2610
2610
2610
2610
2720
2720
2720
2720
2720
2720
2862
2862
2862
2862
2862
2933
2933
2933
2933
2933
2988
2988
2988
2988
2988
2988
3005
3005
3005
3005
3005
2973
2973
2973
2973
2973
2913
2913
2913
2913
2913
2913
2827
2827
2827
2827
2827
2752
2752
2752
2752
2752
2706
2706
2706
2706
2706
2706
2646
2646
2646
2646
2646
2605
2605
2605
2605
2605
2562
2562
2562
2562
2562
2562
2514
2514
2514
2514
2514
2458
2458
2458
2458
2458
2391
2391
2391
2391
2391
2391
2330
2330
2330
2330
2330
2310
2310
2310
2310
2310
2312
2312
2312
2312
2312
2312
2341
2341
2341
2341
2341
2361
2361
2361
2361
2361
2397
2397
2397
2397
2397
2397
2414
2414
2414
2414
2414
2373
2373
2373
2373
2373
2321
2321
2321
2321
2321
2321
2239
2239
2239
2239
2239
2181
2181
2181
2181
2181
2133
2133
2133
2133
2133
2133
2150
2150
2150
2150
2150
2194
2194
2194
2194
2194
2296
2296
2296
2296
2296
2296
2425
2425
2425
2425
2425
2533
2533
2533
2533
2533
2621
2621
2621
2621
2621
2621
2673
2673
2673
2673
2673
2685
2685
2685
2685
2685
2643
2643
2643
2643
2643
2643
2559
2559
2559
2559
2559
2523
2523
2523
2523
2523
2481
2481
2481
2481
2481
2481
2489
2489
2489
2489
2489
2560
2560
2560
2560
2560
2668
2668
2668
2668
2668
2668
2805
2805
2805
2805
2805
2912
2912
2912
2912
2912
3004
3004
3004
3004
3004
3004
3075
3075
3075
3075
3075
3094
3094
3094
3094
3094
3064
3064
3064
3064
3064
3064
2990
2990
2990
2990
2990
2922
2922
2922
2922
2922
2848
2848
2848
2848
2848
2848
2817
2817
2817
2817
2817
2789
2789
2789
2789
2789
2740
2740
2740
2740
2740
2740
2737
2737
2737
2737
2737
2711
2711
2711
2711
2711
2684
2684
2684
2684
2684
2684
2658
2658
2658
2658
2658
2621
2621
2621
2621
2621
2590
2590
2590
2590
2590
2590
2538
2538
2538
2538
2538
2488
2488
2488
2488
2488
2431
2431
2431
2431
2431
2431
2366
2366
2366
2366
2366
2297
2297
2297
2297
2297
2220
2220
2220
2220
2220
2220
2161
2161
2161
2161
2161
2129
2129
2129
2129
2129
2119
2119
2119
2119
2119
2119
2129
2129
2129
2129
2129
2169
2169
2169
2169
2169
2246
2246
2246
2246
2246
2246
2326
2326
2326
2326
2326
2392
2392
2392
2392
2392
2461
2461
2461
2461
2461
2461
2505
2505
2505
2505
2505
2546
2546
2546
2546
2546
2554
2554
2554
2554
2554
2554
2541
2541
2541
2541
2541
2552
2552
2552
2552
2552
2548
2548
2548
2548
2548
2548
2576
2576
2576
2576
2576
2615
2615
2615
2615
2615
2680
2680
2680
2680
2680
2680
2768
2768
2768
2768
2768
2842
2842
2842
2842
2842
2896
2896
2896
2896
2896
2896
2933
2933
2933
2933
2933
2940
2940
2940
2940
2940
2951
2951
2951
2951
2951
2951
2912
2912
2912
2912
2912
2878
2878
2878
2878
2878
2823
2823
2823
2823
2823
2823
2789
2789
2789
2789
2789
2760
2760
2760
2760
2760
2757
2757
2757
2757
2757
2757
2749
2749
2749
2749
2749
2754
2754
2754
2754
2754
2734
2734
2734
2734
2734
2734
2724
2724
2724
2724
2724
2699
2699
2699
2699
2699
2677
2677
2677
2677
2677
2677
2637
2637
2637
2637
2637
2596
2596
2596
2596
2596
2541
2541
2541
2541
2541
2541
2512
2512
2512
2512
2512
2491
2491
2491
2491
2491
2456
2456
2456
2456
2456
2456
2424
2424
2424
2424
2424
2408
2408
2408
2408
2408
2406
2406
2406
2406
2406
2406
2401
2401
2401
2401
2401
2396
2396
2396
2396
2396
2419
2419
2419
2419
2419
2419
2436
2436
2436
2436
2436
2439
2439
2439
2439
2439
2453
2453
2453
2453
2453
2453
2453
2453
2453
2453
2453
2465
2465
2465
2465
2465
2483
2483
2483
2483
2483
2483
2469
2469
2469
2469
2469
2478
2478
2478
2478
2478
2476
2476
2476
2476
2476
2476
2469
2469
2469
2469
2469
2496
2496
2496
2496
2496
2537
2537
2537
2537
2537
2537
2600
2600
2600
2600
2600
2660
2660
2660
2660
2660
2732
2732
2732
2732
2732
2732
2774
2774
2774
2774
2774
2813
2813
2813
2813
2813
2828
2828
2828
2828
2828
2828
2807
2807
2807
2807
2807
2751
2751
2751
2751
2751
2680
2680
2680
2680
2680
2680
2621
2621
2621
2621
2621
2545
2545
2545
2545
2545
2510
2510
2510
2510
2510
2510
2499
2499
2499
2499
2499
2498
2498
2498
2498
2498
2528
2528
2528
2528
2528
2528
2529
2529
2529
2529
2529
2562
2562
2562
2562
2562
2572
2572
2572
2572
2572
2572
2576
2576
2576
2576
2576
2550
2550
2550
2550
2550
2530
2530
2530
2530
2530
2530
2519
2519
2519
2519
2519
2501
2501
2501
2501
2501
2474
2474
2474
2474
2474
2474
2472
2472
2472
2472
2472
2472
2472
2472
2472
2472
2468
2468
2468
2468
2468
2468
2481
2481
2481
2481
2481
2494
2494
2494
2494
2494
2509
2509
2509
2509
2509
2509
2524
2524
2524
2524
2524
2539
2539
2539
2539
2539
2553
2553
2553
2553
2553
2553
2566
2566
2566
2566
2566
2572
2572
2572
2572
2572
2612
2612
2612
2612
2612
2612
2594
2594
2594
2594
2594
2607
2607
2607
2607
2607
2628
2628
2628
2628
2628
2628
2615
2615
2615
2615
2615
2607
2607
2607
2607
2607
2607
2607
2607
2607
2607
2607
2602
2602
2602
2602
2602
2595
2595
2595
2595
2595
2587
2587
2587
2587
2587
2587
2580
2580
2580
2580
2580
2565
2565
2565
2565
2565
2566
2566
2566
2566
2566
2566
2560
2560
2560
2560
2560
2536
2536
2536
2536
2536
2531
2531
2531
2531
2531
2531
2503
2503
2503
2503
2503
2487
2487
2487
2487
2487
2459
2459
2459
2459
2459
2459
2435
2435
2435
2435
2435
2424
2424
2424
2424
2424
2430
2430
2430
2430
2430
2430
2421
2421
2421
2421
2421
2444
2444
2444
2444
2444
2457
2457
2457
2457
2457
2457
2498
2498
2498
2498
2498
2524
2524
2524
2524
2524
2549
2549
2549
2549
2549
2549
2558
2558
2558
2558
2558
2563
2563
2563
2563
2563
2574
2574
2574
2574
2574
2574
2568
2568
2568
2568
2568
2563
2563
2563
2563
2563
2554
2554
2554
2554
2554
2554
2568
2568
2568
2568
2568
2569
2569
2569
2569
2569
2569
2569
2569
2569
2569
2569
2599
2599
2599
2599
2599
2614
2614
2614
2614
2614
2641
2641
2641
2641
2641
2641
2630
2630
2630
2630
2630
2638
2638
2638
2638
2638
2635
2635
2635
2635
2635
2635
2641
2641
2641
2641
2641
2618
2618
2618
2618
2618
2618
2629
2629
2629
2629
2629
2603
2603
2603
2603
2603
2576
2576
2576
2576
2576
2548
2548
2548
2548
2548
2548
2530
2530
2530
2530
2530
2519
2519
2519
2519
2519
2518
2518
2518
2518
2518
2518
2491
2491
2491
2491
2491
2494
2494
2494
2494
2494
2494
2498
2498
2498
2498
2498
2486
2486
2486
2486
2486
2486
2486
2486
2486
2486
2482
2482
2482
2482
2482
2482
2470
2470
2470
2470
2470
2470
2470
2470
2470
2470
2451
2451
2451
2451
2451
2451
2430
2430
2430
2430
2430
2421
2421
2421
2421
2421
2421
2412
2412
2412
2412
2412
2413
2413
2413
2413
2413
2402
2402
2402
2402
2402
2430
2430
2430
2430
2430
2430
2456
2456
2456
2456
2456
2470
2470
2470
2470
2470
2484
2484
2484
2484
2484
2484
2513
2513
2513
2513
2513
2533
2533
2533
2533
2533
2533
2554
2554
2554
2554
2554
2558
2558
2558
2558
2558
2569
2569
2569
2569
2569
2599
2599
2599
2599
2599
2599
2605
2605
2605
2605
2605
2621
2621
2621
2621
2621
2645
2645
2645
2645
2645
2645
2669
2669
2669
2669
2669
2688
2688
2688
2688
2688
2688
2691
2691
2691
2691
2691
2690
2690
2690
2690
2690
2681
2681
2681
2681
2681
2671
2671
2671
2671
2671
2671
2669
2669
2669
2669
2669
2654
2654
2654
2654
2654
2637
2637
2637
2637
2637
2637
2644
2644
2644
2644
2644
2639
2639
2639
2639
2639
2639
2630
2630
2630
2630
2630
2627
2627
2627
2627
2627
2622
2622
2622
2622
2622
2628
2628
2628
2628
2628
2628
2609
2609
2609
2609
2609
2595
2595
2595
2595
2595
2585
2585
2585
2585
2585
2585
2559
2559
2559
2559
2559
2556
2556
2556
2556
2556
2556
2556
2556
2556
2556
2556
2568
2568
2568
2568
2568
2599
2599
2599
2599
2599
2629
2629
2629
2629
2629
2629
2647
2647
2647
2647
2647
2678
2678
2678
2678
2678
2703
2703
2703
2703
2703
2703
2711
2711
2711
2711
2711
2695
2695
2695
2695
2695
2695
2683
2683
2683
2683
2683
2647
2647
2647
2647
2647
2624
2624
2624
2624
2624
2615
2615
2615
2615
2615
2615
2563
2563
2563
2563
2563
2548
2548
2548
2548
2548
2531
2531
2531
2531
2531
2531
2512
2512
2512
2512
2512
2492
2492
2492
2492
2492
2492
2466
2466
2466
2466
2466
2481
2481
2481
2481
2481
2494
2494
2494
2494
2494
2486
2486
2486
2486
2486
2486
2490
2490
2490
2490
2490
2504
2504
2504
2504
2504
2509
2509
2509
2509
2509
2509
2514
2514
2514
2514
2514
2535
2535
2535
2535
2535
2535
2535
2535
2535
2535
2535
2538
2538
2538
2538
2538
2520
2520
2520
2520
2520
2512
2512
2512
2512
2512
2512
2516
2516
2516
2516
2516
2523
2523
2523
2523
2523
2520
2520
2520
2520
2520
2520
2534
2534
2534
2534
2534
2554
2554
2554
2554
2554
2554
2581
2581
2581
2581
2581
2603
2603
2603
2603
2603
2614
2614
2614
2614
2614
2629
2629
2629
2629
2629
2629
2646
2646
2646
2646
2646
2637
2637
2637
2637
2637
2640
2640
2640
2640
2640
2640
2636
2636
2636
2636
2636
2636
2636
2636
2636
2636
2636
2622
2622
2622
2622
2622
2626
2626
2626
2626
2626
2613
2613
2613
2613
2613
2622
2622
2622
2622
2622
2622
2608
2608
2608
2608
2608
2619
2619
2619
2619
2619
2609
2609
2609
2609
2609
2609
2608
2608
2608
2608
2608
2620
2620
2620
2620
2620
2620
2612
2612
2612
2612
2612
2610
2610
2610
2610
2610
2627
2627
2627
2627
2627
2633
2633
2633
2633
2633
2633
2628
2628
2628
2628
2628
2617
2617
2617
2617
2617
2613
2613
2613
2613
2613
2613
2579
2579
2579
2579
2579
2580
2580
2580
2580
2580
2580
2556
2556
2556
2556
2556
2528
2528
2528
2528
2528
2523
2523
2523
2523
2523
2527
2527
2527
2527
2527
2527
2539
2539
2539
2539
2539
2564
2564
2564
2564
2564
2576
2576
2576
2576
2576
2576
2599
2599
2599
2599
2599
2605
2605
2605
2605
2605
2605
2595
2595
2595
2595
2595
2586
2586
2586
2586
2586
2564
2564
2564
2564
2564
2561
2561
2561
2561
2561
2561
2535
2535
2535
2535
2535
2521
2521
2521
2521
2521
2548
2548
2548
2548
2548
2548
2555
2555
2555
2555
2555
2564
2564
2564
2564
2564
2564
2556
2556
2556
2556
2556
2564
2564
2564
2564
2564
2550
2550
2550
2550
2550
2549
2549
2549
2549
2549
2549
2551
2551
2551
2551
2551
2547
2547
2547
2547
2547
2564
2564
2564
2564
2564
2564
2579
2579
2579
2579
2579
2570
2570
2570
2570
2570
2570
2581
2581
2581
2581
2581
2578
2578
2578
2578
2578
2572
2572
2572
2572
2572
2552
2552
2552
2552
2552
2552
2523
2523
2523
2523
2523
2498
2498
2498
2498
2498
2492
2492
2492
2492
2492
2492
2462
2462
2462
2462
2462
2465
2465
2465
2465
2465
2465
2460
2460
2460
2460
2460
2473
2473
2473
2473
2473
2462
2462
2462
2462
2462
2475
2475
2475
2475
2475
2475
2490
2490
2490
2490
2490
2501
2501
2501
2501
2501
2518
2518
2518
2518
2518
2518
2501
2501
2501
2501
2501
2501
2501
2501
2501
2501
2501
2520
2520
2520
2520
2520
2537
2537
2537
2537
2537
2534
2534
2534
2534
2534
2539
2539
2539
2539
2539
2539
2537
2537
2537
2537
2537
2539
2539
2539
2539
2539
2544
2544
2544
2544
2544
2544
2539
2539
2539
2539
2539
2531
2531
2531
2531
2531
2531
2537
2537
2537
2537
2537
2504
2504
2504
2504
2504
2483
2483
2483
2483
2483
2477
2477
2477
2477
2477
2477
2493
2493
2493
2493
2493
2508
2508
2508
2508
2508
2520
2520
2520
2520
2520
2520
2545
2545
2545
2545
2545
2558
2558
2558
2558
2558
2558
2593
2593
2593
2593
2593
2591
2591
2591
2591
2591
2588
2588
2588
2588
2588
2593
2593
2593
2593
2593
2593
2580
2580
2580
2580
2580
2572
2572
2572
2572
2572
2544
2544
2544
2544
2544
2544
2553
2553
2553
2553
2553
2536
2536
2536
2536
2536
2536
2541
2541
2541
2541
2541
2527
2527
2527
2527
2527
2525
2525
2525
2525
2525
2540
2540
2540
2540
2540
2540
2562
2562
2562
2562
2562
2555
2555
2555
2555
2555
2561
2561
2561
2561
2561
2561
2571
2571
2571
2571
2571
2554
2554
2554
2554
2554
2554
2524
2524
2524
2524
2524
2525
2525
2525
2525
2525
2505
2505
2505
2505
2505
2516
2516
2516
2516
2516
2516
2490
2490
2490
2490
2490
2488
2488
2488
2488
2488
2496
2496
2496
2496
2496
2496
2496
2496
2496
2496
2496
2493
2493
2493
2493
2493
2493
2488
2488
2488
2488
2488
2511
2511
2511
2511
2511
2512
2512
2512
2512
2512
2528
2528
2528
2528
2528
2528
2529
2529
2529
2529
2529
2559
2559
2559
2559
2559
2555
2555
2555
2555
2555
2555
2566
2566
2566
2566
2566
2564
2564
2564
2564
2564
2564
2568
2568
2568
2568
2568
2564
2564
2564
2564
2564
2574
2574
2574
2574
2574
2564
2564
2564
2564
2564
2564
2553
2553
2553
2553
2553
2562
2562
2562
2562
2562
2579
2579
2579
2579
2579
2579
2596
2596
2596
2596
2596
2608
2608
2608
2608
2608
2608
2620
2620
2620
2620
2620
2630
2630
2630
2630
2630
2648
2648
2648
2648
2648
2661
2661
2661
2661
2661
2661
2658
2658
2658
2658
2658
2664
2664
2664
2664
2664
2657
2657
2657
2657
2657
2657
2643
2643
2643
2643
2643
2648
2648
2648
2648
2648
2648
2641
2641
2641
2641
2641
2631
2631
2631
2631
2631
2639
2639
2639
2639
2639
2629
2629
2629
2629
2629
2629
2630
2630
2630
2630
2630
2637
2637
2637
2637
2637
2625
2625
2625
2625
2625
2625
2638
2638
2638
2638
2638
2623
2623
2623
2623
2623
2623
2617
2617
2617
2617
2617
2599
2599
2599
2599
2599
2576
2576
2576
2576
2576
2567
2567
2567
2567
2567
2567
2532
2532
2532
2532
2532
2513
2513
2513
2513
2513
2466
2466
2466
2466
2466
2466
2442
2442
2442
2442
2442
2415
2415
2415
2415
2415
2415
2414
2414
2414
2414
2414
2389
2389
2389
2389
2389
2374
2374
2374
2374
2374
2405
2405
2405
2405
2405
2405
2404
2404
2404
2404
2404
2435
2435
2435
2435
2435
2457
2457
2457
2457
2457
2457
2481
2481
2481
2481
2481
2520
2520
2520
2520
2520
2520
2529
2529
2529
2529
2529
2534
2534
2534
2534
2534
2527
2527
2527
2527
2527
2517
2517
2517
2517
2517
2517
2496
2496
2496
2496
2496
2481
2481
2481
2481
2481
2467
2467
2467
2467
2467
2467
2471
2471
2471
2471
2471
2495
2495
2495
2495
2495
2495
2509
2509
2509
2509
2509
2531
2531
2531
2531
2531
2555
2555
2555
2555
2555
2560
2560
2560
2560
2560
2560
2567
2567
2567
2567
2567
2570
2570
2570
2570
2570
2557
2557
2557
2557
2557
2557
2572
2572
2572
2572
2572
2566
2566
2566
2566
2566
2566
2574
2574
2574
2574
2574
2573
2573
2573
2573
2573
2582
2582
2582
2582
2582
2592
2592
2592
2592
2592
2592
2583
2583
2583
2583
2583
2585
2585
2585
2585
2585
2590
2590
2590
2590
2590
2590
2602
2602
2602
2602
2602
2613
2613
2613
2613
2613
2613
2616
2616
2616
2616
2616
2623
2623
2623
2623
2623
2620
2620
2620
2620
2620
2611
2611
2611
2611
2611
2611
2583
2583
2583
2583
2583
2552
2552
2552
2552
2552
2534
2534
2534
2534
2534
2534
2518
2518
2518
2518
2518
2504
2504
2504
2504
2504
2504
2500
2500
2500
2500
2500
2519
2519
2519
2519
2519
2532
2532
2532
2532
2532
2548
2548
2548
2548
2548
2548
2551
2551
2551
2551
2551
2577
2577
2577
2577
2577
2589
2589
2589
2589
2589
2589
2600
2600
2600
2600
2600
2604
2604
2604
2604
2604
2604
2599
2599
2599
2599
2599
2594
2594
2594
2594
2594
2582
2582
2582
2582
2582
2582
2582
2582
2582
2582
2582
2582
2582
2582
2582
2582
2586
2586
2586
2586
2586
2603
2603
2603
2603
2603
2603
2610
2610
2610
2610
2610
2630
2630
2630
2630
2630
2630
2666
2666
2666
2666
2666
2691
2691
2691
2691
2691
2709
2709
2709
2709
2709
2723
2723
2723
2723
2723
2723
2741
2741
2741
2741
2741
2758
2758
2758
2758
2758
2774
2774
2774
2774
2774
2774
2780
2780
2780
2780
2780
2793
2793
2793
2793
2793
2793
2792
2792
2792
2792
2792
2785
2785
2785
2785
2785
2782
2782
2782
2782
2782
2773
2773
2773
2773
2773
2773
2778
2778
2778
2778
2778
2783
2783
2783
2783
2783
2801
2801
2801
2801
2801
2801
2823
2823
2823
2823
2823
2862
2862
2862
2862
2862
2862
2879
2879
2879
2879
2879
2900
2900
2900
2900
2900
2901
2901
2901
2901
2901
2887
2887
2887
2887
2887
2887
2869
2869
2869
2869
2869
2826
2826
2826
2826
2826
2778
2778
2778
2778
2778
2778
2744
2744
2744
2744
2744
2696
2696
2696
2696
2696
2696
2653
2653
2653
2653
2653
2604
2604
2604
2604
2604
2585
2585
2585
2585
2585
2583
2583
2583
2583
2583
2583
2573
2573
2573
2573
2573
2567
2567
2567
2567
2567
2567
2567
2567
2567
2567
2567
2569
2569
2569
2569
2569
2576
2576
2576
2576
2576
2576
2577
2577
2577
2577
2577
2585
2585
2585
2585
2585
2594
2594
2594
2594
2594
2611
2611
2611
2611
2611
2611
2607
2607
2607
2607
2607
2612
2612
2612
2612
2612
2624
2624
2624
2624
2624
2624
2618
2618
2618
2618
2618
2628
2628
2628
2628
2628
2628
2637
2637
2637
2637
2637
2658
2658
2658
2658
2658
2703
2703
2703
2703
2703
2732
2732
2732
2732
2732
2732
2750
2750
2750
2750
2750
2782
2782
2782
2782
2782
2806
2806
2806
2806
2806
2806
2825
2825
2825
2825
2825
2831
2831
2831
2831
2831
2831
2836
2836
2836
2836
2836
2834
2834
2834
2834
2834
2815
2815
2815
2815
2815
2812
2812
2812
2812
2812
2812
2800
2800
2800
2800
2800
2791
2791
2791
2791
2791
2801
2801
2801
2801
2801
2801
2793
2793
2793
2793
2793
2796
2796
2796
2796
2796
2796
2796
2796
2796
2796
2796
2787
2787
2787
2787
2787
2775
2775
2775
2775
2775
2738
2738
2738
2738
2738
2738
2705
2705
2705
2705
2705
2643
2643
2643
2643
2643
2578
2578
2578
2578
2578
2578
2507
2507
2507
2507
2507
2440
2440
2440
2440
2440
2440
2377
2377
2377
2377
2377
2323
2323
2323
2323
2323
2277
2277
2277
2277
2277
2262
2262
2262
2262
2262
2262
2253
2253
2253
2253
2253
2253
2253
2253
2253
2253
2264
2264
2264
2264
2264
2264
2300
2300
2300
2300
2300
2351
2351
2351
2351
2351
2351
2397
2397
2397
2397
2397
2443
2443
2443
2443
2443
2483
2483
2483
2483
2483
2517
2517
2517
2517
2517
2517
2530
2530
2530
2530
2530
2525
2525
2525
2525
2525
2516
2516
2516
2516
2516
2516
2501
2501
2501
2501
2501
2503
2503
2503
2503
2503
2503
2485
2485
2485
2485
2485
2490
2490
2490
2490
2490
2508
2508
2508
2508
2508
2513
2513
2513
2513
2513
2513
2545
2545
2545
2545
2545
2585
2585
2585
2585
2585
2616
2616
2616
2616
2616
2616
2658
2658
2658
2658
2658
2698
2698
2698
2698
2698
2698
2704
2704
2704
2704
2704
2701
2701
2701
2701
2701
2688
2688
2688
2688
2688
2635
2635
2635
2635
2635
2635
2585
2585
2585
2585
2585
2518
2518
2518
2518
2518
2448
2448
2448
2448
2448
2448
2395
2395
2395
2395
2395
2330
2330
2330
2330
2330
2330
2312
2312
2312
2312
2312
2331
2331
2331
2331
2331
2375
2375
2375
2375
2375
2439
2439
2439
2439
2439
2439
2501
2501
2501
2501
2501
2572
2572
2572
2572
2572
2643
2643
2643
2643
2643
2643
2713
2713
2713
2713
2713
2755
2755
2755
2755
2755
2755
2804
2804
2804
2804
2804
2843
2843
2843
2843
2843
2873
2873
2873
2873
2873
2907
2907
2907
2907
2907
2907
2942
2942
2942
2942
2942
2978
2978
2978
2978
2978
3030
3030
3030
3030
3030
3030
3056
3056
3056
3056
3056
3073
3073
3073
3073
3073
3073
3115
3115
3115
3115
3115
3140
3140
3140
3140
3140
3163
3163
3163
3163
3163
3167
3167
3167
3167
3167
3167
3179
3179
3179
3179
3179
3182
3182
3182
3182
3182
3164
3164
3164
3164
3164
3164
3117
3117
3117
3117
3117
3064
3064
3064
3064
3064
3064
2989
2989
2989
2989
2989
2887
2887
2887
2887
2887
2783
2783
2783
2783
2783
2681
2681
2681
2681
2681
2681
2584
2584
2584
2584
2584
2498
2498
2498
2498
2498
2405
2405
2405